-174.00 -68.00 -7.00 | -174.00 -68.00 -7.00
-104.00 -77.00 79.00 | -104.00 -77.00 79.00
-40.00 -69.00 111.00 | -40.00 -69.00 111.00
77.00 -74.00 99.00 | 77.00 -74.00 99.00
165.00 -87.00 6.00 | 165.00 -87.00 6.00
141.00 -62.00 -195.00 | 141.00 -62.00 -195.00
-44.00 -52.00 -238.00 | -44.00 -52.00 -238.00
-190.00 -52.00 -91.00 | -190.00 -52.00 -91.00


44.00 -103.00 -33.00 | 44.00 -103.00 -33.00
19.00 -97.00 -69.00 | 19.00 -97.00 -69.00
-26.00 -78.00 -77.00 | -26.00 -78.00 -77.00
-78.00 -75.00 -38.00 | -78.00 -75.00 -38.00
-79.00 -75.00 -7.00 | -79.00 -75.00 -7.00
-50.00 -76.00 30.00 | -50.00 -76.00 30.00
-14.00 -84.00 40.00 | -14.00 -84.00 40.00
33.00 -103.00 7.00 | 33.00 -103.00 7.00


48.00 -82.00 -62.00 | 48.00 -82.00 -62.00
-5.00 -78.00 -94.00 | -5.00 -78.00 -94.00
-50.00 -62.00 -83.00 | -50.00 -62.00 -83.00
-103.00 -57.00 -17.00 | -103.00 -57.00 -17.00
-83.00 -66.00 26.00 | -83.00 -66.00 26.00
-16.00 -65.00 59.00 | -16.00 -65.00 59.00
18.00 -74.00 41.00 | 18.00 -74.00 41.00
56.00 -86.00 -15.00 | 56.00 -86.00 -15.00


45.00 -90.00 -46.00 | 45.00 -90.00 -46.00
5.00 -89.00 -77.00 | 5.00 -89.00 -77.00
-41.00 -77.00 -74.00 | -41.00 -77.00 -74.00
-84.00 -62.00 -36.00 | -84.00 -62.00 -36.00
-76.00 -68.00 7.00 | -76.00 -68.00 7.00
-40.00 -69.00 34.00 | -40.00 -69.00 34.00
-3.00 -83.00 42.00 | -3.00 -83.00 42.00
41.00 -94.00 -1.00 | 41.00 -94.00 -1.00


-113.00 -71.00 -5.00 | -113.00 -71.00 -5.00
-78.00 -76.00 46.00 | -78.00 -76.00 46.00
-28.00 -81.00 74.00 | -28.00 -81.00 74.00
65.00 -85.00 65.00 | 65.00 -85.00 65.00
135.00 -80.00 -12.00 | 135.00 -80.00 -12.00
85.00 -70.00 -159.00 | 85.00 -70.00 -159.00
-67.00 -59.00 -170.00 | -67.00 -59.00 -170.00
-139.00 -54.00 -65.00 | -139.00 -54.00 -65.00


38.00 -75.00 -35.00 | 38.00 -75.00 -35.00
10.00 -70.00 -68.00 | 10.00 -70.00 -68.00
-28.00 -58.00 -67.00 | -28.00 -58.00 -67.00
-73.00 -52.00 -38.00 | -73.00 -52.00 -38.00
-69.00 -52.00 3.00 | -69.00 -52.00 3.00
-37.00 -53.00 31.00 | -37.00 -53.00 31.00
-8.00 -63.00 35.00 | -8.00 -63.00 35.00
32.00 -77.00 1.00 | 32.00 -77.00 1.00


46.00 -101.00 -66.00 | 46.00 -101.00 -66.00
5.00 -95.00 -98.00 | 5.00 -95.00 -98.00
-54.00 -85.00 -88.00 | -54.00 -85.00 -88.00
-105.00 -75.00 -34.00 | -105.00 -75.00 -34.00
-85.00 -86.00 26.00 | -85.00 -86.00 26.00
-17.00 -97.00 54.00 | -17.00 -97.00 54.00
26.00 -94.00 43.00 | 26.00 -94.00 43.00
54.00 -102.00 -4.00 | 54.00 -102.00 -4.00


26.00 -95.00 -46.00 | 26.00 -95.00 -46.00
0.00 -92.00 -67.00 | 0.00 -92.00 -67.00
-32.00 -79.00 -71.00 | -32.00 -79.00 -71.00
-73.00 -75.00 -38.00 | -73.00 -75.00 -38.00
-66.00 -73.00 -3.00 | -66.00 -73.00 -3.00
-46.00 -78.00 26.00 | -46.00 -78.00 26.00
1.00 -80.00 36.00 | 1.00 -80.00 36.00
37.00 -89.00 -9.00 | 37.00 -89.00 -9.00


