-174.00 -68.00 -7.00 | -174.00 -68.00 -7.00
-104.00 -77.00 79.00 | -104.00 -77.00 79.00
-40.00 -69.00 111.00 | -40.00 -69.00 111.00
77.00 -74.00 99.00 | 77.00 -74.00 99.00
165.00 -87.00 6.00 | 165.00 -87.00 6.00
141.00 -62.00 -195.00 | 141.00 -62.00 -195.00
-44.00 -52.00 -238.00 | -44.00 -52.00 -238.00
-190.00 -52.00 -91.00 | -190.00 -52.00 -91.00


44.00 -103.00 -33.00 | 44.00 -103.00 -33.00
19.00 -97.00 -69.00 | 19.00 -97.00 -69.00
-26.00 -78.00 -77.00 | -26.00 -78.00 -77.00
-78.00 -75.00 -38.00 | -78.00 -75.00 -38.00
-79.00 -75.00 -7.00 | -79.00 -75.00 -7.00
-50.00 -76.00 30.00 | -50.00 -76.00 30.00
-14.00 -84.00 40.00 | -14.00 -84.00 40.00
33.00 -103.00 7.00 | 33.00 -103.00 7.00


48.00 -82.00 -62.00 | 48.00 -82.00 -62.00
-5.00 -78.00 -94.00 | -5.00 -78.00 -94.00
-50.00 -62.00 -83.00 | -50.00 -62.00 -83.00
-103.00 -57.00 -17.00 | -103.00 -57.00 -17.00
-83.00 -66.00 26.00 | -83.00 -66.00 26.00
-16.00 -65.00 59.00 | -16.00 -65.00 59.00
18.00 -74.00 41.00 | 18.00 -74.00 41.00
56.00 -86.00 -15.00 | 56.00 -86.00 -15.00


45.00 -90.00 -46.00 | 45.00 -90.00 -46.00
5.00 -89.00 -77.00 | 5.00 -89.00 -77.00
-41.00 -77.00 -74.00 | -41.00 -77.00 -74.00
-84.00 -62.00 -36.00 | -84.00 -62.00 -36.00
-76.00 -68.00 7.00 | -76.00 -68.00 7.00
-40.00 -69.00 34.00 | -40.00 -69.00 34.00
-3.00 -83.00 42.00 | -3.00 -83.00 42.00
41.00 -94.00 -1.00 | 41.00 -94.00 -1.00

