191 -78 75 208 -40 -19 87 -60 -311 56 -31 -182 191 -78 75 208 -40 -19 87 -60 -311 56 -31 -182 191 -78 75 208 -40 -19 87 -60 -311 56 -31 -182 191 -78 75 208 -40 -19 87 -60 -311 56 -31 -182 191 -78 75 208 -40 -19 87 -60 -311 56 -31 -182 191 -78 75 208 -40 -19 87 -60 -311 56 -31 -182 191 -78 75 208 -40 -19 87 -60 -311 56 -31 -182 191 -78 75 208 -40 -19 87 -60 -311 56 -31 -182 
-24 -75 -16 -37 -27 -10 -11 -75 11 15 -29 0 -24 -75 -16 -37 -27 -10 -11 -75 11 15 -29 0 -24 -75 -16 -37 -27 -10 -11 -75 11 15 -29 0 -24 -75 -16 -37 -27 -10 -11 -75 11 15 -29 0 -24 -75 -16 -37 -27 -10 -11 -75 11 15 -29 0 -24 -75 -16 -37 -27 -10 -11 -75 11 15 -29 0 -24 -75 -16 -37 -27 -10 -11 -75 11 15 -29 0 -24 -75 -16 -37 -27 -10 -11 -75 11 15 -29 0 
-54 -75 1 -52 -36 -1 9 -76 35 21 -35 28 -54 -75 1 -52 -36 -1 9 -76 35 21 -35 28 -54 -75 1 -52 -36 -1 9 -76 35 21 -35 28 -54 -75 1 -52 -36 -1 9 -76 35 21 -35 28 -54 -75 1 -52 -36 -1 9 -76 35 21 -35 28 -54 -75 1 -52 -36 -1 9 -76 35 21 -35 28 -54 -75 1 -52 -36 -1 9 -76 35 21 -35 28 -54 -75 1 -52 -36 -1 9 -76 35 21 -35 28 
-58 -111 17 -57 -59 26 24 -108 39 37 -67 36 -58 -111 17 -57 -59 26 24 -108 39 37 -67 36 -58 -111 17 -57 -59 26 24 -108 39 37 -67 36 -58 -111 17 -57 -59 26 24 -108 39 37 -67 36 -58 -111 17 -57 -59 26 24 -108 39 37 -67 36 -58 -111 17 -57 -59 26 24 -108 39 37 -67 36 -58 -111 17 -57 -59 26 24 -108 39 37 -67 36 -58 -111 17 -57 -59 26 24 -108 39 37 -67 36 
-62 -73 5 -64 -26 5 18 -73 43 29 -32 40 -62 -73 5 -64 -26 5 18 -73 43 29 -32 40 -62 -73 5 -64 -26 5 18 -73 43 29 -32 40 -62 -73 5 -64 -26 5 18 -73 43 29 -32 40 -62 -73 5 -64 -26 5 18 -73 43 29 -32 40 -62 -73 5 -64 -26 5 18 -73 43 29 -32 40 -62 -73 5 -64 -26 5 18 -73 43 29 -32 40 -62 -73 5 -64 -26 5 18 -73 43 29 -32 40 
-51 -85 -1 -53 -38 7 11 -85 36 28 -47 26 -51 -85 -1 -53 -38 7 11 -85 36 28 -47 26 -51 -85 -1 -53 -38 7 11 -85 36 28 -47 26 -51 -85 -1 -53 -38 7 11 -85 36 28 -47 26 -51 -85 -1 -53 -38 7 11 -85 36 28 -47 26 -51 -85 -1 -53 -38 7 11 -85 36 28 -47 26 -51 -85 -1 -53 -38 7 11 -85 36 28 -47 26 -51 -85 -1 -53 -38 7 11 -85 36 28 -47 26 
-67 -97 24 -50 -62 25 38 -104 36 46 -60 35 -67 -97 24 -50 -62 25 38 -104 36 46 -60 35 -67 -97 24 -50 -62 25 38 -104 36 46 -60 35 -67 -97 24 -50 -62 25 38 -104 36 46 -60 35 -67 -97 24 -50 -62 25 38 -104 36 46 -60 35 -67 -97 24 -50 -62 25 38 -104 36 46 -60 35 -67 -97 24 -50 -62 25 38 -104 36 46 -60 35 -67 -97 24 -50 -62 25 38 -104 36 46 -60 35 
-41 -95 33 -32 -53 36 41 -104 11 59 -57 4 -41 -95 33 -32 -53 36 41 -104 11 59 -57 4 -41 -95 33 -32 -53 36 41 -104 11 59 -57 4 -41 -95 33 -32 -53 36 41 -104 11 59 -57 4 -41 -95 33 -32 -53 36 41 -104 11 59 -57 4 -41 -95 33 -32 -53 36 41 -104 11 59 -57 4 -41 -95 33 -32 -53 36 41 -104 11 59 -57 4 -41 -95 33 -32 -53 36 41 -104 11 59 -57 4 
-46 -94 42 -37 -47 41 45 -97 16 62 -51 11 -46 -94 42 -37 -47 41 45 -97 16 62 -51 11 -46 -94 42 -37 -47 41 45 -97 16 62 -51 11 -46 -94 42 -37 -47 41 45 -97 16 62 -51 11 -46 -94 42 -37 -47 41 45 -97 16 62 -51 11 -46 -94 42 -37 -47 41 45 -97 16 62 -51 11 -46 -94 42 -37 -47 41 45 -97 16 62 -51 11 -46 -94 42 -37 -47 41 45 -97 16 62 -51 11 
-60 -99 30 -45 -55 30 43 -105 18 59 -55 17 -60 -99 30 -45 -55 30 43 -105 18 59 -55 17 -60 -99 30 -45 -55 30 43 -105 18 59 -55 17 -60 -99 30 -45 -55 30 43 -105 18 59 -55 17 -60 -99 30 -45 -55 30 43 -105 18 59 -55 17 -60 -99 30 -45 -55 30 43 -105 18 59 -55 17 -60 -99 30 -45 -55 30 43 -105 18 59 -55 17 -60 -99 30 -45 -55 30 43 -105 18 59 -55 17 
-55 -112 31 -44 -69 37 41 -119 16 62 -64 19 -55 -112 31 -44 -69 37 41 -119 16 62 -64 19 -55 -112 31 -44 -69 37 41 -119 16 62 -64 19 -55 -112 31 -44 -69 37 41 -119 16 62 -64 19 -55 -112 31 -44 -69 37 41 -119 16 62 -64 19 -55 -112 31 -44 -69 37 41 -119 16 62 -64 19 -55 -112 31 -44 -69 37 41 -119 16 62 -64 19 -55 -112 31 -44 -69 37 41 -119 16 62 -64 19 
-42 -88 40 -25 -46 40 45 -93 10 60 -44 11 -42 -88 40 -25 -46 40 45 -93 10 60 -44 11 -42 -88 40 -25 -46 40 45 -93 10 60 -44 11 -42 -88 40 -25 -46 40 45 -93 10 60 -44 11 -42 -88 40 -25 -46 40 45 -93 10 60 -44 11 -42 -88 40 -25 -46 40 45 -93 10 60 -44 11 -42 -88 40 -25 -46 40 45 -93 10 60 -44 11 -42 -88 40 -25 -46 40 45 -93 10 60 -44 11 
-54 -76 35 -37 -36 41 46 -79 19 64 -31 20 -54 -76 35 -37 -36 41 46 -79 19 64 -31 20 -54 -76 35 -37 -36 41 46 -79 19 64 -31 20 -54 -76 35 -37 -36 41 46 -79 19 64 -31 20 -54 -76 35 -37 -36 41 46 -79 19 64 -31 20 -54 -76 35 -37 -36 41 46 -79 19 64 -31 20 -54 -76 35 -37 -36 41 46 -79 19 64 -31 20 -54 -76 35 -37 -36 41 46 -79 19 64 -31 20 
-64 -69 34 -48 -29 39 37 -77 31 55 -27 30 -64 -69 34 -48 -29 39 37 -77 31 55 -27 30 -64 -69 34 -48 -29 39 37 -77 31 55 -27 30 -64 -69 34 -48 -29 39 37 -77 31 55 -27 30 -64 -69 34 -48 -29 39 37 -77 31 55 -27 30 -64 -69 34 -48 -29 39 37 -77 31 55 -27 30 -64 -69 34 -48 -29 39 37 -77 31 55 -27 30 -64 -69 34 -48 -29 39 37 -77 31 55 -27 30 
-58 -65 36 -43 -24 39 42 -72 20 62 -23 21 -58 -65 36 -43 -24 39 42 -72 20 62 -23 21 -58 -65 36 -43 -24 39 42 -72 20 62 -23 21 -58 -65 36 -43 -24 39 42 -72 20 62 -23 21 -58 -65 36 -43 -24 39 42 -72 20 62 -23 21 -58 -65 36 -43 -24 39 42 -72 20 62 -23 21 -58 -65 36 -43 -24 39 42 -72 20 62 -23 21 -58 -65 36 -43 -24 39 42 -72 20 62 -23 21 
-58 -57 23 -46 -17 25 28 -63 22 46 -16 25 -58 -57 23 -46 -17 25 28 -63 22 46 -16 25 -58 -57 23 -46 -17 25 28 -63 22 46 -16 25 -58 -57 23 -46 -17 25 28 -63 22 46 -16 25 -58 -57 23 -46 -17 25 28 -63 22 46 -16 25 -58 -57 23 -46 -17 25 28 -63 22 46 -16 25 -58 -57 23 -46 -17 25 28 -63 22 46 -16 25 -58 -57 23 -46 -17 25 28 -63 22 46 -16 25 
-58 -60 25 -48 -11 21 22 -60 26 40 -16 31 -58 -60 25 -48 -11 21 22 -60 26 40 -16 31 -58 -60 25 -48 -11 21 22 -60 26 40 -16 31 -58 -60 25 -48 -11 21 22 -60 26 40 -16 31 -58 -60 25 -48 -11 21 22 -60 26 40 -16 31 -58 -60 25 -48 -11 21 22 -60 26 40 -16 31 -58 -60 25 -48 -11 21 22 -60 26 40 -16 31 -58 -60 25 -48 -11 21 22 -60 26 40 -16 31 
-58 -54 13 -45 -13 18 22 -57 21 40 -14 21 -58 -54 13 -45 -13 18 22 -57 21 40 -14 21 -58 -54 13 -45 -13 18 22 -57 21 40 -14 21 -58 -54 13 -45 -13 18 22 -57 21 40 -14 21 -58 -54 13 -45 -13 18 22 -57 21 40 -14 21 -58 -54 13 -45 -13 18 22 -57 21 40 -14 21 -58 -54 13 -45 -13 18 22 -57 21 40 -14 21 -58 -54 13 -45 -13 18 22 -57 21 40 -14 21 
-57 -51 9 -45 -10 12 15 -50 27 34 -9 26 -57 -51 9 -45 -10 12 15 -50 27 34 -9 26 -57 -51 9 -45 -10 12 15 -50 27 34 -9 26 -57 -51 9 -45 -10 12 15 -50 27 34 -9 26 -57 -51 9 -45 -10 12 15 -50 27 34 -9 26 -57 -51 9 -45 -10 12 15 -50 27 34 -9 26 -57 -51 9 -45 -10 12 15 -50 27 34 -9 26 -57 -51 9 -45 -10 12 15 -50 27 34 -9 26 
-74 -63 8 -59 -19 13 12 -68 42 31 -24 36 -74 -63 8 -59 -19 13 12 -68 42 31 -24 36 -74 -63 8 -59 -19 13 12 -68 42 31 -24 36 -74 -63 8 -59 -19 13 12 -68 42 31 -24 36 -74 -63 8 -59 -19 13 12 -68 42 31 -24 36 -74 -63 8 -59 -19 13 12 -68 42 31 -24 36 -74 -63 8 -59 -19 13 12 -68 42 31 -24 36 -74 -63 8 -59 -19 13 12 -68 42 31 -24 36 
-69 -118 4 -53 -71 12 0 -121 28 24 -79 34 -69 -118 4 -53 -71 12 0 -121 28 24 -79 34 -69 -118 4 -53 -71 12 0 -121 28 24 -79 34 -69 -118 4 -53 -71 12 0 -121 28 24 -79 34 -69 -118 4 -53 -71 12 0 -121 28 24 -79 34 -69 -118 4 -53 -71 12 0 -121 28 24 -79 34 -69 -118 4 -53 -71 12 0 -121 28 24 -79 34 -69 -118 4 -53 -71 12 0 -121 28 24 -79 34 
-81 -118 18 -64 -67 25 7 -124 46 34 -74 49 -81 -118 18 -64 -67 25 7 -124 46 34 -74 49 -81 -118 18 -64 -67 25 7 -124 46 34 -74 49 -81 -118 18 -64 -67 25 7 -124 46 34 -74 49 -81 -118 18 -64 -67 25 7 -124 46 34 -74 49 -81 -118 18 -64 -67 25 7 -124 46 34 -74 49 -81 -118 18 -64 -67 25 7 -124 46 34 -74 49 -81 -118 18 -64 -67 25 7 -124 46 34 -74 49 
-85 -90 10 -70 -52 16 14 -102 48 38 -48 49 -85 -90 10 -70 -52 16 14 -102 48 38 -48 49 -85 -90 10 -70 -52 16 14 -102 48 38 -48 49 -85 -90 10 -70 -52 16 14 -102 48 38 -48 49 -85 -90 10 -70 -52 16 14 -102 48 38 -48 49 -85 -90 10 -70 -52 16 14 -102 48 38 -48 49 -85 -90 10 -70 -52 16 14 -102 48 38 -48 49 -85 -90 10 -70 -52 16 14 -102 48 38 -48 49 
-70 -58 16 -55 -21 22 24 -72 32 43 -23 30 -70 -58 16 -55 -21 22 24 -72 32 43 -23 30 -70 -58 16 -55 -21 22 24 -72 32 43 -23 30 -70 -58 16 -55 -21 22 24 -72 32 43 -23 30 -70 -58 16 -55 -21 22 24 -72 32 43 -23 30 -70 -58 16 -55 -21 22 24 -72 32 43 -23 30 -70 -58 16 -55 -21 22 24 -72 32 43 -23 30 -70 -58 16 -55 -21 22 24 -72 32 43 -23 30 
-84 -58 -1 -71 -23 6 11 -70 45 32 -18 48 -84 -58 -1 -71 -23 6 11 -70 45 32 -18 48 -84 -58 -1 -71 -23 6 11 -70 45 32 -18 48 -84 -58 -1 -71 -23 6 11 -70 45 32 -18 48 -84 -58 -1 -71 -23 6 11 -70 45 32 -18 48 -84 -58 -1 -71 -23 6 11 -70 45 32 -18 48 -84 -58 -1 -71 -23 6 11 -70 45 32 -18 48 -84 -58 -1 -71 -23 6 11 -70 45 32 -18 48 
-56 -68 18 -40 -18 21 23 -72 19 42 -31 15 -56 -68 18 -40 -18 21 23 -72 19 42 -31 15 -56 -68 18 -40 -18 21 23 -72 19 42 -31 15 -56 -68 18 -40 -18 21 23 -72 19 42 -31 15 -56 -68 18 -40 -18 21 23 -72 19 42 -31 15 -56 -68 18 -40 -18 21 23 -72 19 42 -31 15 -56 -68 18 -40 -18 21 23 -72 19 42 -31 15 -56 -68 18 -40 -18 21 23 -72 19 42 -31 15 
-68 -86 6 -49 -39 12 9 -97 24 29 -46 23 -68 -86 6 -49 -39 12 9 -97 24 29 -46 23 -68 -86 6 -49 -39 12 9 -97 24 29 -46 23 -68 -86 6 -49 -39 12 9 -97 24 29 -46 23 -68 -86 6 -49 -39 12 9 -97 24 29 -46 23 -68 -86 6 -49 -39 12 9 -97 24 29 -46 23 -68 -86 6 -49 -39 12 9 -97 24 29 -46 23 -68 -86 6 -49 -39 12 9 -97 24 29 -46 23 
-44 -51 22 -29 -9 32 28 -64 12 45 -14 9 -44 -51 22 -29 -9 32 28 -64 12 45 -14 9 -44 -51 22 -29 -9 32 28 -64 12 45 -14 9 -44 -51 22 -29 -9 32 28 -64 12 45 -14 9 -44 -51 22 -29 -9 32 28 -64 12 45 -14 9 -44 -51 22 -29 -9 32 28 -64 12 45 -14 9 -44 -51 22 -29 -9 32 28 -64 12 45 -14 9 -44 -51 22 -29 -9 32 28 -64 12 45 -14 9 
-14 -65 93 38 -19 142 119 -85 -15 114 -32 -36 -14 -65 93 38 -19 142 119 -85 -15 114 -32 -36 -14 -65 93 38 -19 142 119 -85 -15 114 -32 -36 -14 -65 93 38 -19 142 119 -85 -15 114 -32 -36 -14 -65 93 38 -19 142 119 -85 -15 114 -32 -36 -14 -65 93 38 -19 142 119 -85 -15 114 -32 -36 -14 -65 93 38 -19 142 119 -85 -15 114 -32 -36 -14 -65 93 38 -19 142 119 -85 -15 114 -32 -36 
