17.00 -118.00 -56.00 | 13.00 -74.00 -56.00
18.00 -117.00 -55.00 | 15.00 -74.00 -55.00
19.00 -117.00 -57.00 | 15.00 -74.00 -56.00
18.00 -116.00 -57.00 | 14.00 -74.00 -59.00
17.00 -117.00 -59.00 | 14.00 -74.00 -60.00
17.00 -117.00 -59.00 | 14.00 -73.00 -61.00
17.00 -116.00 -58.00 | 13.00 -73.00 -61.00
16.00 -116.00 -58.00 | 14.00 -72.00 -61.00
14.00 -116.00 -60.00 | 13.00 -71.00 -62.00
14.00 -115.00 -62.00 | 12.00 -71.00 -64.00
13.00 -113.00 -57.00 | 11.00 -70.00 -63.00
14.00 -111.00 -62.00 | 11.00 -69.00 -65.00
13.00 -108.00 -64.00 | 10.00 -66.00 -70.00
14.00 -108.00 -64.00 | 10.00 -65.00 -70.00
8.00 -107.00 -65.00 | 5.00 -65.00 -69.00
9.00 -105.00 -68.00 | 7.00 -63.00 -73.00
8.00 -105.00 -70.00 | 5.00 -61.00 -75.00
4.00 -103.00 -73.00 | 5.00 -60.00 -76.00
4.00 -102.00 -72.00 | 4.00 -58.00 -75.00
4.00 -102.00 -72.00 | 5.00 -58.00 -73.00
1.00 -102.00 -75.00 | 1.00 -56.00 -75.00
255.00 -100.00 -75.00 | 0.00 -53.00 -74.00
2.00 -98.00 -77.00 | 2.00 -51.00 -77.00
2.00 -94.00 -76.00 | 1.00 -47.00 -76.00
1.00 -93.00 -75.00 | 0.00 -45.00 -73.00
-2.00 -90.00 -73.00 | -4.00 -43.00 -72.00
-4.00 -88.00 -75.00 | -4.00 -40.00 -73.00
-5.00 -86.00 -75.00 | -4.00 -38.00 -72.00
-6.00 -85.00 -73.00 | -4.00 -36.00 -72.00
-8.00 -82.00 -70.00 | -4.00 -35.00 -71.00
-10.00 -80.00 -66.00 | -6.00 -32.00 -68.00
-13.00 -78.00 -69.00 | -7.00 -31.00 -69.00
-13.00 -74.00 -69.00 | -7.00 -28.00 -73.00
-12.00 -71.00 -72.00 | -6.00 -26.00 -75.00
-11.00 -70.00 -72.00 | -5.00 -27.00 -76.00
-10.00 -67.00 -72.00 | -4.00 -28.00 -78.00
-12.00 -69.00 -77.00 | -4.00 -29.00 -80.00
-11.00 -70.00 -79.00 | -3.00 -29.00 -82.00
-11.00 -71.00 -80.00 | 0.00 -31.00 -83.00
-9.00 -73.00 -82.00 | 0.00 -32.00 -82.00
-6.00 -75.00 -79.00 | 5.00 -34.00 -80.00
-4.00 -75.00 -78.00 | 9.00 -37.00 -79.00
0.00 -77.00 -79.00 | 8.00 -38.00 -78.00
2.00 -75.00 -79.00 | 12.00 -38.00 -77.00
5.00 -76.00 -77.00 | 14.00 -37.00 -78.00
10.00 -74.00 -78.00 | 16.00 -37.00 -81.00
10.00 -76.00 -76.00 | 17.00 -38.00 -79.00
10.00 -79.00 -76.00 | 17.00 -40.00 -77.00
12.00 -79.00 -76.00 | 19.00 -39.00 -78.00
12.00 -79.00 -79.00 | 19.00 -37.00 -80.00
11.00 -80.00 -79.00 | 19.00 -39.00 -80.00
14.00 -80.00 -76.00 | 21.00 -40.00 -76.00
14.00 -83.00 -77.00 | 23.00 -41.00 -76.00
17.00 -81.00 -77.00 | 26.00 -39.00 -78.00
20.00 -80.00 -77.00 | 28.00 -39.00 -80.00
23.00 -76.00 -78.00 | 29.00 -38.00 -80.00
25.00 -75.00 -77.00 | 31.00 -38.00 -80.00
25.00 -77.00 -76.00 | 31.00 -39.00 -80.00
27.00 -76.00 -79.00 | 31.00 -38.00 -79.00
27.00 -78.00 -78.00 | 35.00 -37.00 -79.00
28.00 -76.00 -80.00 | 37.00 -36.00 -79.00
30.00 -76.00 -77.00 | 38.00 -36.00 -73.00
32.00 -79.00 -73.00 | 38.00 -36.00 -71.00
30.00 -80.00 -73.00 | 34.00 -34.00 -71.00
29.00 -79.00 -69.00 | 33.00 -33.00 -70.00
30.00 -74.00 -71.00 | 34.00 -33.00 -72.00
29.00 -71.00 -69.00 | 33.00 -31.00 -73.00
29.00 -69.00 -67.00 | 31.00 -32.00 -72.00
25.00 -71.00 -68.00 | 26.00 -32.00 -72.00
23.00 -71.00 -70.00 | 27.00 -29.00 -74.00
22.00 -69.00 -72.00 | 26.00 -29.00 -74.00
20.00 -69.00 -71.00 | 26.00 -29.00 -75.00
19.00 -69.00 -69.00 | 25.00 -28.00 -71.00
20.00 -68.00 -70.00 | 26.00 -27.00 -72.00
21.00 -65.00 -69.00 | 27.00 -24.00 -73.00
22.00 -65.00 -70.00 | 27.00 -22.00 -74.00
21.00 -62.00 -70.00 | 28.00 -20.00 -74.00
23.00 -57.00 -68.00 | 28.00 -17.00 -74.00
23.00 -57.00 -67.00 | 28.00 -18.00 -73.00
19.00 -58.00 -71.00 | 25.00 -16.00 -73.00
18.00 -57.00 -70.00 | 27.00 -15.00 -71.00
19.00 -55.00 -70.00 | 28.00 -12.00 -73.00
18.00 -54.00 -68.00 | 28.00 -12.00 -70.00
20.00 -53.00 -64.00 | 29.00 -13.00 -68.00
19.00 -52.00 -64.00 | 31.00 -13.00 -67.00
22.00 -52.00 -61.00 | 34.00 -9.00 -65.00
26.00 -48.00 -59.00 | 35.00 -9.00 -65.00
28.00 -46.00 -59.00 | 36.00 -9.00 -66.00
27.00 -46.00 -59.00 | 36.00 -8.00 -66.00
25.00 -49.00 -61.00 | 36.00 -9.00 -66.00
29.00 -47.00 -59.00 | 38.00 -9.00 -67.00
29.00 -45.00 -62.00 | 38.00 -7.00 -69.00
27.00 -45.00 -63.00 | 38.00 -6.00 -71.00
29.00 -45.00 -61.00 | 37.00 -9.00 -68.00
28.00 -44.00 -62.00 | 39.00 -8.00 -68.00
32.00 -43.00 -60.00 | 41.00 -10.00 -66.00
34.00 -44.00 -58.00 | 41.00 -11.00 -65.00
32.00 -44.00 -59.00 | 40.00 -12.00 -65.00
33.00 -47.00 -60.00 | 39.00 -14.00 -65.00
32.00 -48.00 -59.00 | 39.00 -16.00 -64.00
30.00 -52.00 -61.00 | 38.00 -16.00 -65.00
29.00 -53.00 -63.00 | 37.00 -15.00 -65.00
28.00 -54.00 -64.00 | 38.00 -16.00 -65.00
28.00 -55.00 -59.00 | 38.00 -20.00 -61.00
30.00 -56.00 -57.00 | 40.00 -20.00 -56.00
30.00 -57.00 -56.00 | 38.00 -20.00 -56.00
30.00 -59.00 -53.00 | 40.00 -21.00 -55.00
32.00 -56.00 -53.00 | 40.00 -19.00 -56.00
33.00 -55.00 -52.00 | 41.00 -20.00 -55.00
32.00 -55.00 -51.00 | 40.00 -20.00 -54.00
30.00 -58.00 -53.00 | 40.00 -20.00 -55.00
32.00 -58.00 -51.00 | 42.00 -20.00 -52.00
33.00 -56.00 -51.00 | 45.00 -18.00 -53.00
34.00 -55.00 -48.00 | 46.00 -17.00 -51.00
35.00 -56.00 -47.00 | 46.00 -19.00 -47.00
34.00 -59.00 -49.00 | 47.00 -19.00 -48.00
34.00 -58.00 -46.00 | 47.00 -20.00 -48.00
37.00 -56.00 -45.00 | 48.00 -18.00 -48.00
38.00 -54.00 -45.00 | 47.00 -19.00 -49.00
38.00 -55.00 -44.00 | 47.00 -18.00 -49.00