-52 -70 32 -32 -42 61 25 -100 24 55 -40 31 -52 -70 32 -32 -42 61 25 -100 24 55 -40 31 -52 -70 32 -32 -42 61 25 -100 24 55 -40 31 -52 -70 32 -32 -42 61 25 -100 24 55 -40 31 -52 -70 32 -32 -42 61 25 -100 24 55 -40 31 -52 -70 32 -32 -42 61 25 -100 24 55 -40 31 -52 -70 32 -32 -42 61 25 -100 24 55 -40 31 -52 -70 32 -32 -42 61 25 -100 24 55 -40 31 
-63 -81 1 -46 -37 51 25 -105 18 43 -54 38 -63 -81 1 -46 -37 51 25 -105 18 43 -54 38 -63 -81 1 -46 -37 51 25 -105 18 43 -54 38 -63 -81 1 -46 -37 51 25 -105 18 43 -54 38 -63 -81 1 -46 -37 51 25 -105 18 43 -54 38 -63 -81 1 -46 -37 51 25 -105 18 43 -54 38 -63 -81 1 -46 -37 51 25 -105 18 43 -54 38 -63 -81 1 -46 -37 51 25 -105 18 43 -54 38 
-76 -79 3 -51 -30 47 24 -94 30 48 -37 51 -76 -79 3 -51 -30 47 24 -94 30 48 -37 51 -76 -79 3 -51 -30 47 24 -94 30 48 -37 51 -76 -79 3 -51 -30 47 24 -94 30 48 -37 51 -76 -79 3 -51 -30 47 24 -94 30 48 -37 51 -76 -79 3 -51 -30 47 24 -94 30 48 -37 51 -76 -79 3 -51 -30 47 24 -94 30 48 -37 51 -76 -79 3 -51 -30 47 24 -94 30 48 -37 51 
-136 -69 -34 -101 -32 7 -14 -73 79 -10 5 119 -136 -69 -34 -101 -32 7 -14 -73 79 -10 5 119 -136 -69 -34 -101 -32 7 -14 -73 79 -10 5 119 -136 -69 -34 -101 -32 7 -14 -73 79 -10 5 119 -136 -69 -34 -101 -32 7 -14 -73 79 -10 5 119 -136 -69 -34 -101 -32 7 -14 -73 79 -10 5 119 -136 -69 -34 -101 -32 7 -14 -73 79 -10 5 119 -136 -69 -34 -101 -32 7 -14 -73 79 -10 5 119 
-47 -30 -27 -41 -12 -4 -26 -43 15 -10 1 27 -47 -30 -27 -41 -12 -4 -26 -43 15 -10 1 27 -47 -30 -27 -41 -12 -4 -26 -43 15 -10 1 27 -47 -30 -27 -41 -12 -4 -26 -43 15 -10 1 27 -47 -30 -27 -41 -12 -4 -26 -43 15 -10 1 27 -47 -30 -27 -41 -12 -4 -26 -43 15 -10 1 27 -47 -30 -27 -41 -12 -4 -26 -43 15 -10 1 27 -47 -30 -27 -41 -12 -4 -26 -43 15 -10 1 27 
-52 -86 -10 -35 -38 31 17 -92 18 35 -40 37 -52 -86 -10 -35 -38 31 17 -92 18 35 -40 37 -52 -86 -10 -35 -38 31 17 -92 18 35 -40 37 -52 -86 -10 -35 -38 31 17 -92 18 35 -40 37 -52 -86 -10 -35 -38 31 17 -92 18 35 -40 37 -52 -86 -10 -35 -38 31 17 -92 18 35 -40 37 -52 -86 -10 -35 -38 31 17 -92 18 35 -40 37 -52 -86 -10 -35 -38 31 17 -92 18 35 -40 37 
-48 -102 7 -31 -37 46 30 -99 14 51 -50 29 -48 -102 7 -31 -37 46 30 -99 14 51 -50 29 -48 -102 7 -31 -37 46 30 -99 14 51 -50 29 -48 -102 7 -31 -37 46 30 -99 14 51 -50 29 -48 -102 7 -31 -37 46 30 -99 14 51 -50 29 -48 -102 7 -31 -37 46 30 -99 14 51 -50 29 -48 -102 7 -31 -37 46 30 -99 14 51 -50 29 -48 -102 7 -31 -37 46 30 -99 14 51 -50 29 
-48 -100 28 -31 -29 59 44 -96 10 63 -46 22 -48 -100 28 -31 -29 59 44 -96 10 63 -46 22 -48 -100 28 -31 -29 59 44 -96 10 63 -46 22 -48 -100 28 -31 -29 59 44 -96 10 63 -46 22 -48 -100 28 -31 -29 59 44 -96 10 63 -46 22 -48 -100 28 -31 -29 59 44 -96 10 63 -46 22 -48 -100 28 -31 -29 59 44 -96 10 63 -46 22 -48 -100 28 -31 -29 59 44 -96 10 63 -46 22 
-42 -101 52 -26 -21 68 64 -88 8 80 -33 12 -42 -101 52 -26 -21 68 64 -88 8 80 -33 12 -42 -101 52 -26 -21 68 64 -88 8 80 -33 12 -42 -101 52 -26 -21 68 64 -88 8 80 -33 12 -42 -101 52 -26 -21 68 64 -88 8 80 -33 12 -42 -101 52 -26 -21 68 64 -88 8 80 -33 12 -42 -101 52 -26 -21 68 64 -88 8 80 -33 12 -42 -101 52 -26 -21 68 64 -88 8 80 -33 12 
-56 -86 28 -33 -39 69 44 -109 12 61 -53 30 -56 -86 28 -33 -39 69 44 -109 12 61 -53 30 -56 -86 28 -33 -39 69 44 -109 12 61 -53 30 -56 -86 28 -33 -39 69 44 -109 12 61 -53 30 -56 -86 28 -33 -39 69 44 -109 12 61 -53 30 -56 -86 28 -33 -39 69 44 -109 12 61 -53 30 -56 -86 28 -33 -39 69 44 -109 12 61 -53 30 -56 -86 28 -33 -39 69 44 -109 12 61 -53 30 
-17 -113 32 1 -49 76 58 -114 -22 81 -71 2 -17 -113 32 1 -49 76 58 -114 -22 81 -71 2 -17 -113 32 1 -49 76 58 -114 -22 81 -71 2 -17 -113 32 1 -49 76 58 -114 -22 81 -71 2 -17 -113 32 1 -49 76 58 -114 -22 81 -71 2 -17 -113 32 1 -49 76 58 -114 -22 81 -71 2 -17 -113 32 1 -49 76 58 -114 -22 81 -71 2 -17 -113 32 1 -49 76 58 -114 -22 81 -71 2 
-3 -104 44 16 -35 49 51 -89 -40 67 -44 -16 -3 -104 44 16 -35 49 51 -89 -40 67 -44 -16 -3 -104 44 16 -35 49 51 -89 -40 67 -44 -16 -3 -104 44 16 -35 49 51 -89 -40 67 -44 -16 -3 -104 44 16 -35 49 51 -89 -40 67 -44 -16 -3 -104 44 16 -35 49 51 -89 -40 67 -44 -16 -3 -104 44 16 -35 49 51 -89 -40 67 -44 -16 -3 -104 44 16 -35 49 51 -89 -40 67 -44 -16 
-28 -99 49 -5 -28 64 58 -88 -9 74 -37 4 -28 -99 49 -5 -28 64 58 -88 -9 74 -37 4 -28 -99 49 -5 -28 64 58 -88 -9 74 -37 4 -28 -99 49 -5 -28 64 58 -88 -9 74 -37 4 -28 -99 49 -5 -28 64 58 -88 -9 74 -37 4 -28 -99 49 -5 -28 64 58 -88 -9 74 -37 4 -28 -99 49 -5 -28 64 58 -88 -9 74 -37 4 -28 -99 49 -5 -28 64 58 -88 -9 74 -37 4 
-46 -93 35 -24 -20 68 56 -87 8 75 -31 21 -46 -93 35 -24 -20 68 56 -87 8 75 -31 21 -46 -93 35 -24 -20 68 56 -87 8 75 -31 21 -46 -93 35 -24 -20 68 56 -87 8 75 -31 21 -46 -93 35 -24 -20 68 56 -87 8 75 -31 21 -46 -93 35 -24 -20 68 56 -87 8 75 -31 21 -46 -93 35 -24 -20 68 56 -87 8 75 -31 21 -46 -93 35 -24 -20 68 56 -87 8 75 -31 21 
-43 -94 41 -25 -16 64 54 -80 6 75 -27 19 -43 -94 41 -25 -16 64 54 -80 6 75 -27 19 -43 -94 41 -25 -16 64 54 -80 6 75 -27 19 -43 -94 41 -25 -16 64 54 -80 6 75 -27 19 -43 -94 41 -25 -16 64 54 -80 6 75 -27 19 -43 -94 41 -25 -16 64 54 -80 6 75 -27 19 -43 -94 41 -25 -16 64 54 -80 6 75 -27 19 -43 -94 41 -25 -16 64 54 -80 6 75 -27 19 
-48 -89 34 -30 -11 56 49 -74 8 66 -20 20 -48 -89 34 -30 -11 56 49 -74 8 66 -20 20 -48 -89 34 -30 -11 56 49 -74 8 66 -20 20 -48 -89 34 -30 -11 56 49 -74 8 66 -20 20 -48 -89 34 -30 -11 56 49 -74 8 66 -20 20 -48 -89 34 -30 -11 56 49 -74 8 66 -20 20 -48 -89 34 -30 -11 56 49 -74 8 66 -20 20 -48 -89 34 -30 -11 56 49 -74 8 66 -20 20 
-48 -84 39 -31 -12 48 44 -71 10 64 -16 27 -48 -84 39 -31 -12 48 44 -71 10 64 -16 27 -48 -84 39 -31 -12 48 44 -71 10 64 -16 27 -48 -84 39 -31 -12 48 44 -71 10 64 -16 27 -48 -84 39 -31 -12 48 44 -71 10 64 -16 27 -48 -84 39 -31 -12 48 44 -71 10 64 -16 27 -48 -84 39 -31 -12 48 44 -71 10 64 -16 27 -48 -84 39 -31 -12 48 44 -71 10 64 -16 27 
-39 -98 34 -20 -15 58 48 -79 6 67 -23 16 -39 -98 34 -20 -15 58 48 -79 6 67 -23 16 -39 -98 34 -20 -15 58 48 -79 6 67 -23 16 -39 -98 34 -20 -15 58 48 -79 6 67 -23 16 -39 -98 34 -20 -15 58 48 -79 6 67 -23 16 -39 -98 34 -20 -15 58 48 -79 6 67 -23 16 -39 -98 34 -20 -15 58 48 -79 6 67 -23 16 -39 -98 34 -20 -15 58 48 -79 6 67 -23 16 
-40 -73 33 -24 -7 40 40 -61 2 57 -11 5 -40 -73 33 -24 -7 40 40 -61 2 57 -11 5 -40 -73 33 -24 -7 40 40 -61 2 57 -11 5 -40 -73 33 -24 -7 40 40 -61 2 57 -11 5 -40 -73 33 -24 -7 40 40 -61 2 57 -11 5 -40 -73 33 -24 -7 40 40 -61 2 57 -11 5 -40 -73 33 -24 -7 40 40 -61 2 57 -11 5 -40 -73 33 -24 -7 40 40 -61 2 57 -11 5 
-37 -92 39 -14 -14 52 49 -72 3 62 -25 11 -37 -92 39 -14 -14 52 49 -72 3 62 -25 11 -37 -92 39 -14 -14 52 49 -72 3 62 -25 11 -37 -92 39 -14 -14 52 49 -72 3 62 -25 11 -37 -92 39 -14 -14 52 49 -72 3 62 -25 11 -37 -92 39 -14 -14 52 49 -72 3 62 -25 11 -37 -92 39 -14 -14 52 49 -72 3 62 -25 11 -37 -92 39 -14 -14 52 49 -72 3 62 -25 11 
-41 -146 34 -22 -70 63 56 -130 -6 77 -78 16 -41 -146 34 -22 -70 63 56 -130 -6 77 -78 16 -41 -146 34 -22 -70 63 56 -130 -6 77 -78 16 -41 -146 34 -22 -70 63 56 -130 -6 77 -78 16 -41 -146 34 -22 -70 63 56 -130 -6 77 -78 16 -41 -146 34 -22 -70 63 56 -130 -6 77 -78 16 -41 -146 34 -22 -70 63 56 -130 -6 77 -78 16 -41 -146 34 -22 -70 63 56 -130 -6 77 -78 16 
-39 -145 52 -9 -56 91 74 -129 0 93 -71 16 -39 -145 52 -9 -56 91 74 -129 0 93 -71 16 -39 -145 52 -9 -56 91 74 -129 0 93 -71 16 -39 -145 52 -9 -56 91 74 -129 0 93 -71 16 -39 -145 52 -9 -56 91 74 -129 0 93 -71 16 -39 -145 52 -9 -56 91 74 -129 0 93 -71 16 -39 -145 52 -9 -56 91 74 -129 0 93 -71 16 -39 -145 52 -9 -56 91 74 -129 0 93 -71 16 
-36 -117 51 -14 -37 80 67 -109 4 86 -45 16 -36 -117 51 -14 -37 80 67 -109 4 86 -45 16 -36 -117 51 -14 -37 80 67 -109 4 86 -45 16 -36 -117 51 -14 -37 80 67 -109 4 86 -45 16 -36 -117 51 -14 -37 80 67 -109 4 86 -45 16 -36 -117 51 -14 -37 80 67 -109 4 86 -45 16 -36 -117 51 -14 -37 80 67 -109 4 86 -45 16 -36 -117 51 -14 -37 80 67 -109 4 86 -45 16 
-26 -59 36 -1 -15 65 47 -78 -11 62 -27 2 -26 -59 36 -1 -15 65 47 -78 -11 62 -27 2 -26 -59 36 -1 -15 65 47 -78 -11 62 -27 2 -26 -59 36 -1 -15 65 47 -78 -11 62 -27 2 -26 -59 36 -1 -15 65 47 -78 -11 62 -27 2 -26 -59 36 -1 -15 65 47 -78 -11 62 -27 2 -26 -59 36 -1 -15 65 47 -78 -11 62 -27 2 -26 -59 36 -1 -15 65 47 -78 -11 62 -27 2 
-45 -59 27 -15 -6 74 62 -76 2 77 -18 19 -45 -59 27 -15 -6 74 62 -76 2 77 -18 19 -45 -59 27 -15 -6 74 62 -76 2 77 -18 19 -45 -59 27 -15 -6 74 62 -76 2 77 -18 19 -45 -59 27 -15 -6 74 62 -76 2 77 -18 19 -45 -59 27 -15 -6 74 62 -76 2 77 -18 19 -45 -59 27 -15 -6 74 62 -76 2 77 -18 19 -45 -59 27 -15 -6 74 62 -76 2 77 -18 19 
0 -50 35 20 -12 50 43 -66 -27 53 -21 -28 0 -50 35 20 -12 50 43 -66 -27 53 -21 -28 0 -50 35 20 -12 50 43 -66 -27 53 -21 -28 0 -50 35 20 -12 50 43 -66 -27 53 -21 -28 0 -50 35 20 -12 50 43 -66 -27 53 -21 -28 0 -50 35 20 -12 50 43 -66 -27 53 -21 -28 0 -50 35 20 -12 50 43 -66 -27 53 -21 -28 0 -50 35 20 -12 50 43 -66 -27 53 -21 -28 
-24 -102 29 -2 -47 62 40 -116 -11 54 -61 10 -24 -102 29 -2 -47 62 40 -116 -11 54 -61 10 -24 -102 29 -2 -47 62 40 -116 -11 54 -61 10 -24 -102 29 -2 -47 62 40 -116 -11 54 -61 10 -24 -102 29 -2 -47 62 40 -116 -11 54 -61 10 -24 -102 29 -2 -47 62 40 -116 -11 54 -61 10 -24 -102 29 -2 -47 62 40 -116 -11 54 -61 10 -24 -102 29 -2 -47 62 40 -116 -11 54 -61 10 
-6 -74 22 16 -11 47 47 -75 -27 58 -24 -15 -6 -74 22 16 -11 47 47 -75 -27 58 -24 -15 -6 -74 22 16 -11 47 47 -75 -27 58 -24 -15 -6 -74 22 16 -11 47 47 -75 -27 58 -24 -15 -6 -74 22 16 -11 47 47 -75 -27 58 -24 -15 -6 -74 22 16 -11 47 47 -75 -27 58 -24 -15 -6 -74 22 16 -11 47 47 -75 -27 58 -24 -15 -6 -74 22 16 -11 47 47 -75 -27 58 -24 -15 
47 -80 49 90 -18 62 83 -80 -103 69 -32 -73 47 -80 49 90 -18 62 83 -80 -103 69 -32 -73 47 -80 49 90 -18 62 83 -80 -103 69 -32 -73 47 -80 49 90 -18 62 83 -80 -103 69 -32 -73 47 -80 49 90 -18 62 83 -80 -103 69 -32 -73 47 -80 49 90 -18 62 83 -80 -103 69 -32 -73 47 -80 49 90 -18 62 83 -80 -103 69 -32 -73 47 -80 49 90 -18 62 83 -80 -103 69 -32 -73 
81 -107 -151 54 -52 -71 -102 -96 -94 -61 -60 -84 81 -107 -151 54 -52 -71 -102 -96 -94 -61 -60 -84 81 -107 -151 54 -52 -71 -102 -96 -94 -61 -60 -84 81 -107 -151 54 -52 -71 -102 -96 -94 -61 -60 -84 81 -107 -151 54 -52 -71 -102 -96 -94 -61 -60 -84 81 -107 -151 54 -52 -71 -102 -96 -94 -61 -60 -84 81 -107 -151 54 -52 -71 -102 -96 -94 -61 -60 -84 81 -107 -151 54 -52 -71 -102 -96 -94 -61 -60 -84 
-33 -73 9 -11 -22 43 26 -84 3 37 -31 5 -33 -73 9 -11 -22 43 26 -84 3 37 -31 5 -33 -73 9 -11 -22 43 26 -84 3 37 -31 5 -33 -73 9 -11 -22 43 26 -84 3 37 -31 5 -33 -73 9 -11 -22 43 26 -84 3 37 -31 5 -33 -73 9 -11 -22 43 26 -84 3 37 -31 5 -33 -73 9 -11 -22 43 26 -84 3 37 -31 5 -33 -73 9 -11 -22 43 26 -84 3 37 -31 5 
-48 -90 16 -27 -40 52 28 -103 15 48 -43 28 -48 -90 16 -27 -40 52 28 -103 15 48 -43 28 -48 -90 16 -27 -40 52 28 -103 15 48 -43 28 -48 -90 16 -27 -40 52 28 -103 15 48 -43 28 -48 -90 16 -27 -40 52 28 -103 15 48 -43 28 -48 -90 16 -27 -40 52 28 -103 15 48 -43 28 -48 -90 16 -27 -40 52 28 -103 15 48 -43 28 -48 -90 16 -27 -40 52 28 -103 15 48 -43 28 
-26 -106 42 -3 -39 82 68 -114 -13 81 -62 2 -26 -106 42 -3 -39 82 68 -114 -13 81 -62 2 -26 -106 42 -3 -39 82 68 -114 -13 81 -62 2 -26 -106 42 -3 -39 82 68 -114 -13 81 -62 2 -26 -106 42 -3 -39 82 68 -114 -13 81 -62 2 -26 -106 42 -3 -39 82 68 -114 -13 81 -62 2 -26 -106 42 -3 -39 82 68 -114 -13 81 -62 2 -26 -106 42 -3 -39 82 68 -114 -13 81 -62 2 
-50 -77 29 -33 -19 58 50 -84 12 65 -27 19 -50 -77 29 -33 -19 58 50 -84 12 65 -27 19 -50 -77 29 -33 -19 58 50 -84 12 65 -27 19 -50 -77 29 -33 -19 58 50 -84 12 65 -27 19 -50 -77 29 -33 -19 58 50 -84 12 65 -27 19 -50 -77 29 -33 -19 58 50 -84 12 65 -27 19 -50 -77 29 -33 -19 58 50 -84 12 65 -27 19 -50 -77 29 -33 -19 58 50 -84 12 65 -27 19 
-42 -102 31 -18 -31 61 58 -95 5 64 -39 12 -42 -102 31 -18 -31 61 58 -95 5 64 -39 12 -42 -102 31 -18 -31 61 58 -95 5 64 -39 12 -42 -102 31 -18 -31 61 58 -95 5 64 -39 12 -42 -102 31 -18 -31 61 58 -95 5 64 -39 12 -42 -102 31 -18 -31 61 58 -95 5 64 -39 12 -42 -102 31 -18 -31 61 58 -95 5 64 -39 12 -42 -102 31 -18 -31 61 58 -95 5 64 -39 12 
-39 -127 40 -16 -55 72 63 -120 0 76 -57 22 -39 -127 40 -16 -55 72 63 -120 0 76 -57 22 -39 -127 40 -16 -55 72 63 -120 0 76 -57 22 -39 -127 40 -16 -55 72 63 -120 0 76 -57 22 -39 -127 40 -16 -55 72 63 -120 0 76 -57 22 -39 -127 40 -16 -55 72 63 -120 0 76 -57 22 -39 -127 40 -16 -55 72 63 -120 0 76 -57 22 -39 -127 40 -16 -55 72 63 -120 0 76 -57 22 
-20 -121 38 3 -47 72 63 -112 -18 76 -60 -7 -20 -121 38 3 -47 72 63 -112 -18 76 -60 -7 -20 -121 38 3 -47 72 63 -112 -18 76 -60 -7 -20 -121 38 3 -47 72 63 -112 -18 76 -60 -7 -20 -121 38 3 -47 72 63 -112 -18 76 -60 -7 -20 -121 38 3 -47 72 63 -112 -18 76 -60 -7 -20 -121 38 3 -47 72 63 -112 -18 76 -60 -7 -20 -121 38 3 -47 72 63 -112 -18 76 -60 -7 
-33 -106 53 -9 -35 72 64 -101 -4 78 -47 3 -33 -106 53 -9 -35 72 64 -101 -4 78 -47 3 -33 -106 53 -9 -35 72 64 -101 -4 78 -47 3 -33 -106 53 -9 -35 72 64 -101 -4 78 -47 3 -33 -106 53 -9 -35 72 64 -101 -4 78 -47 3 -33 -106 53 -9 -35 72 64 -101 -4 78 -47 3 -33 -106 53 -9 -35 72 64 -101 -4 78 -47 3 -33 -106 53 -9 -35 72 64 -101 -4 78 -47 3 
-41 -113 50 -24 -41 71 50 -110 12 73 -50 24 -41 -113 50 -24 -41 71 50 -110 12 73 -50 24 -41 -113 50 -24 -41 71 50 -110 12 73 -50 24 -41 -113 50 -24 -41 71 50 -110 12 73 -50 24 -41 -113 50 -24 -41 71 50 -110 12 73 -50 24 -41 -113 50 -24 -41 71 50 -110 12 73 -50 24 -41 -113 50 -24 -41 71 50 -110 12 73 -50 24 -41 -113 50 -24 -41 71 50 -110 12 73 -50 24 
