18.00 -62.00 53.00 | 24.00 -30.00 44.00
21.00 -64.00 53.00 | 27.00 -30.00 42.00
21.00 -66.00 50.00 | 27.00 -31.00 41.00
21.00 -66.00 49.00 | 26.00 -32.00 41.00
20.00 -67.00 48.00 | 25.00 -33.00 40.00
20.00 -68.00 48.00 | 26.00 -34.00 40.00
21.00 -67.00 49.00 | 27.00 -34.00 42.00
20.00 -65.00 52.00 | 26.00 -34.00 45.00
18.00 -68.00 49.00 | 23.00 -37.00 47.00
13.00 -70.00 50.00 | 19.00 -39.00 49.00
15.00 -75.00 48.00 | 20.00 -41.00 47.00
15.00 -75.00 48.00 | 20.00 -44.00 47.00
15.00 -80.00 48.00 | 19.00 -46.00 47.00
16.00 -82.00 50.00 | 20.00 -49.00 49.00
14.00 -85.00 49.00 | 18.00 -51.00 50.00
16.00 -88.00 51.00 | 20.00 -53.00 51.00
15.00 -88.00 52.00 | 18.00 -55.00 53.00
15.00 -91.00 52.00 | 20.00 -56.00 54.00
13.00 -94.00 55.00 | 18.00 -57.00 55.00
13.00 -93.00 58.00 | 19.00 -57.00 61.00
12.00 -93.00 60.00 | 19.00 -58.00 62.00
8.00 -96.00 60.00 | 15.00 -59.00 64.00
7.00 -97.00 64.00 | 15.00 -60.00 65.00
8.00 -101.00 61.00 | 13.00 -61.00 65.00
10.00 -103.00 61.00 | 16.00 -63.00 62.00
14.00 -103.00 66.00 | 18.00 -61.00 64.00
9.00 -101.00 66.00 | 13.00 -62.00 64.00
13.00 -103.00 65.00 | 20.00 -63.00 62.00
11.00 -103.00 63.00 | 21.00 -62.00 62.00
14.00 -103.00 62.00 | 24.00 -62.00 60.00
17.00 -101.00 64.00 | 25.00 -60.00 62.00
18.00 -100.00 66.00 | 27.00 -57.00 63.00
15.00 -101.00 59.00 | 26.00 -58.00 61.00
16.00 -97.00 62.00 | 27.00 -57.00 60.00
18.00 -100.00 61.00 | 27.00 -57.00 59.00
21.00 -100.00 58.00 | 28.00 -57.00 57.00
24.00 -97.00 61.00 | 28.00 -55.00 57.00
26.00 -95.00 63.00 | 31.00 -54.00 59.00
19.00 -92.00 60.00 | 28.00 -51.00 60.00
21.00 -91.00 59.00 | 31.00 -50.00 59.00
26.00 -91.00 59.00 | 33.00 -51.00 59.00
26.00 -90.00 58.00 | 35.00 -49.00 57.00
30.00 -85.00 62.00 | 39.00 -44.00 58.00
28.00 -83.00 62.00 | 39.00 -43.00 60.00
29.00 -83.00 58.00 | 42.00 -41.00 57.00
27.00 -84.00 57.00 | 39.00 -41.00 54.00
28.00 -85.00 57.00 | 37.00 -41.00 53.00
31.00 -84.00 54.00 | 40.00 -41.00 49.00
32.00 -81.00 55.00 | 41.00 -37.00 47.00
31.00 -79.00 53.00 | 39.00 -37.00 47.00
34.00 -77.00 50.00 | 43.00 -35.00 42.00
33.00 -76.00 44.00 | 45.00 -33.00 39.00
35.00 -73.00 42.00 | 47.00 -32.00 37.00
35.00 -70.00 45.00 | 47.00 -30.00 37.00
36.00 -67.00 45.00 | 48.00 -25.00 37.00
34.00 -64.00 40.00 | 47.00 -23.00 37.00
34.00 -60.00 42.00 | 47.00 -22.00 38.00
36.00 -61.00 42.00 | 47.00 -22.00 36.00
37.00 -61.00 43.00 | 47.00 -21.00 36.00
38.00 -59.00 42.00 | 48.00 -20.00 35.00
40.00 -55.00 43.00 | 49.00 -19.00 35.00
42.00 -56.00 38.00 | 52.00 -19.00 32.00
42.00 -54.00 39.00 | 52.00 -17.00 34.00
43.00 -54.00 38.00 | 54.00 -18.00 33.00
42.00 -55.00 39.00 | 53.00 -17.00 33.00
43.00 -53.00 41.00 | 54.00 -15.00 36.00
41.00 -49.00 42.00 | 52.00 -13.00 38.00
39.00 -51.00 42.00 | 51.00 -14.00 38.00
37.00 -52.00 44.00 | 48.00 -13.00 41.00
38.00 -53.00 45.00 | 46.00 -14.00 41.00
38.00 -53.00 47.00 | 46.00 -13.00 42.00
38.00 -53.00 48.00 | 46.00 -11.00 42.00
38.00 -51.00 50.00 | 45.00 -11.00 43.00
41.00 -49.00 50.00 | 45.00 -10.00 41.00
40.00 -46.00 51.00 | 44.00 -8.00 41.00
39.00 -45.00 52.00 | 46.00 -6.00 41.00
38.00 -45.00 52.00 | 46.00 -5.00 41.00
36.00 -43.00 51.00 | 45.00 -3.00 42.00
33.00 -42.00 51.00 | 40.00 -4.00 42.00
31.00 -41.00 50.00 | 41.00 -5.00 41.00
28.00 -43.00 51.00 | 36.00 -5.00 43.00
28.00 -43.00 51.00 | 35.00 -7.00 41.00
27.00 -45.00 49.00 | 35.00 -7.00 41.00
29.00 -43.00 51.00 | 35.00 -8.00 39.00
30.00 -42.00 52.00 | 35.00 -10.00 39.00
29.00 -46.00 46.00 | 33.00 -12.00 37.00
30.00 -46.00 48.00 | 35.00 -15.00 37.00
29.00 -50.00 44.00 | 35.00 -18.00 33.00
27.00 -55.00 40.00 | 35.00 -21.00 31.00
27.00 -54.00 40.00 | 34.00 -22.00 31.00
30.00 -55.00 42.00 | 35.00 -23.00 32.00
28.00 -60.00 37.00 | 33.00 -28.00 31.00
26.00 -61.00 42.00 | 30.00 -28.00 33.00
24.00 -65.00 38.00 | 29.00 -30.00 31.00
24.00 -68.00 36.00 | 26.00 -33.00 30.00
25.00 -70.00 35.00 | 26.00 -34.00 30.00
25.00 -70.00 37.00 | 27.00 -34.00 31.00
23.00 -73.00 34.00 | 23.00 -35.00 30.00
24.00 -75.00 33.00 | 24.00 -37.00 28.00
22.00 -75.00 33.00 | 22.00 -37.00 29.00
23.00 -76.00 31.00 | 25.00 -39.00 27.00
21.00 -77.00 31.00 | 23.00 -38.00 28.00
21.00 -77.00 31.00 | 22.00 -38.00 29.00
23.00 -75.00 36.00 | 23.00 -36.00 33.00
17.00 -76.00 34.00 | 21.00 -37.00 34.00
16.00 -73.00 42.00 | 19.00 -35.00 36.00
13.00 -76.00 39.00 | 17.00 -35.00 36.00
11.00 -77.00 38.00 | 15.00 -37.00 35.00
12.00 -78.00 37.00 | 16.00 -37.00 34.00
13.00 -77.00 38.00 | 15.00 -38.00 34.00
11.00 -77.00 38.00 | 13.00 -36.00 34.00
10.00 -78.00 35.00 | 12.00 -37.00 33.00
14.00 -75.00 39.00 | 15.00 -35.00 34.00
12.00 -77.00 34.00 | 15.00 -36.00 30.00
10.00 -78.00 31.00 | 14.00 -37.00 29.00
8.00 -78.00 30.00 | 14.00 -37.00 28.00
9.00 -78.00 30.00 | 15.00 -37.00 27.00
9.00 -75.00 31.00 | 14.00 -36.00 28.00
5.00 -74.00 32.00 | 11.00 -35.00 29.00
3.00 -76.00 29.00 | 12.00 -36.00 25.00