35 33 -128 64 -74 -71 66 -59 59 34 107 61 35 33 -128 64 -74 -71 66 -59 59 34 107 61 35 33 -128 64 -74 -71 66 -59 59 34 107 61 35 33 -128 64 -74 -71 66 -59 59 34 107 61 35 33 -128 64 -74 -71 66 -59 59 34 107 61 35 33 -128 64 -74 -71 66 -59 59 34 107 61 35 33 -128 64 -74 -71 66 -59 59 34 107 61 35 33 -128 64 -74 -71 66 -59 59 34 107 61 
59 13 -37 65 -5 -41 65 1 -1 56 34 -26 59 13 -37 65 -5 -41 65 1 -1 56 34 -26 59 13 -37 65 -5 -41 65 1 -1 56 34 -26 59 13 -37 65 -5 -41 65 1 -1 56 34 -26 59 13 -37 65 -5 -41 65 1 -1 56 34 -26 59 13 -37 65 -5 -41 65 1 -1 56 34 -26 59 13 -37 65 -5 -41 65 1 -1 56 34 -26 59 13 -37 65 -5 -41 65 1 -1 56 34 -26 
58 36 12 53 44 -55 57 -10 -63 68 -32 -15 58 36 12 53 44 -55 57 -10 -63 68 -32 -15 58 36 12 53 44 -55 57 -10 -63 68 -32 -15 58 36 12 53 44 -55 57 -10 -63 68 -32 -15 58 36 12 53 44 -55 57 -10 -63 68 -32 -15 58 36 12 53 44 -55 57 -10 -63 68 -32 -15 58 36 12 53 44 -55 57 -10 -63 68 -32 -15 58 36 12 53 44 -55 57 -10 -63 68 -32 -15 
69 37 27 60 58 -58 62 -10 -83 76 -49 -13 69 37 27 60 58 -58 62 -10 -83 76 -49 -13 69 37 27 60 58 -58 62 -10 -83 76 -49 -13 69 37 27 60 58 -58 62 -10 -83 76 -49 -13 69 37 27 60 58 -58 62 -10 -83 76 -49 -13 69 37 27 60 58 -58 62 -10 -83 76 -49 -13 69 37 27 60 58 -58 62 -10 -83 76 -49 -13 69 37 27 60 58 -58 62 -10 -83 76 -49 -13 
90 44 27 84 65 -56 85 -12 -86 101 -45 -17 90 44 27 84 65 -56 85 -12 -86 101 -45 -17 90 44 27 84 65 -56 85 -12 -86 101 -45 -17 90 44 27 84 65 -56 85 -12 -86 101 -45 -17 90 44 27 84 65 -56 85 -12 -86 101 -45 -17 90 44 27 84 65 -56 85 -12 -86 101 -45 -17 90 44 27 84 65 -56 85 -12 -86 101 -45 -17 90 44 27 84 65 -56 85 -12 -86 101 -45 -17 
88 56 29 80 72 -74 92 -24 -93 106 -47 0 88 56 29 80 72 -74 92 -24 -93 106 -47 0 88 56 29 80 72 -74 92 -24 -93 106 -47 0 88 56 29 80 72 -74 92 -24 -93 106 -47 0 88 56 29 80 72 -74 92 -24 -93 106 -47 0 88 56 29 80 72 -74 92 -24 -93 106 -47 0 88 56 29 80 72 -74 92 -24 -93 106 -47 0 88 56 29 80 72 -74 92 -24 -93 106 -47 0 
72 50 30 67 67 -71 77 -27 -89 88 -51 -1 72 50 30 67 67 -71 77 -27 -89 88 -51 -1 72 50 30 67 67 -71 77 -27 -89 88 -51 -1 72 50 30 67 67 -71 77 -27 -89 88 -51 -1 72 50 30 67 67 -71 77 -27 -89 88 -51 -1 72 50 30 67 67 -71 77 -27 -89 88 -51 -1 72 50 30 67 67 -71 77 -27 -89 88 -51 -1 72 50 30 67 67 -71 77 -27 -89 88 -51 -1 
67 44 27 59 64 -62 66 -18 -86 77 -52 -6 67 44 27 59 64 -62 66 -18 -86 77 -52 -6 67 44 27 59 64 -62 66 -18 -86 77 -52 -6 67 44 27 59 64 -62 66 -18 -86 77 -52 -6 67 44 27 59 64 -62 66 -18 -86 77 -52 -6 67 44 27 59 64 -62 66 -18 -86 77 -52 -6 67 44 27 59 64 -62 66 -18 -86 77 -52 -6 67 44 27 59 64 -62 66 -18 -86 77 -52 -6 
74 53 21 68 58 -70 77 -18 -82 87 -46 -4 74 53 21 68 58 -70 77 -18 -82 87 -46 -4 74 53 21 68 58 -70 77 -18 -82 87 -46 -4 74 53 21 68 58 -70 77 -18 -82 87 -46 -4 74 53 21 68 58 -70 77 -18 -82 87 -46 -4 74 53 21 68 58 -70 77 -18 -82 87 -46 -4 74 53 21 68 58 -70 77 -18 -82 87 -46 -4 74 53 21 68 58 -70 77 -18 -82 87 -46 -4 
79 58 28 74 67 -68 84 -23 -89 96 -52 0 79 58 28 74 67 -68 84 -23 -89 96 -52 0 79 58 28 74 67 -68 84 -23 -89 96 -52 0 79 58 28 74 67 -68 84 -23 -89 96 -52 0 79 58 28 74 67 -68 84 -23 -89 96 -52 0 79 58 28 74 67 -68 84 -23 -89 96 -52 0 79 58 28 74 67 -68 84 -23 -89 96 -52 0 79 58 28 74 67 -68 84 -23 -89 96 -52 0 
90 71 7 83 50 -90 98 -42 -75 107 -30 21 90 71 7 83 50 -90 98 -42 -75 107 -30 21 90 71 7 83 50 -90 98 -42 -75 107 -30 21 90 71 7 83 50 -90 98 -42 -75 107 -30 21 90 71 7 83 50 -90 98 -42 -75 107 -30 21 90 71 7 83 50 -90 98 -42 -75 107 -30 21 90 71 7 83 50 -90 98 -42 -75 107 -30 21 90 71 7 83 50 -90 98 -42 -75 107 -30 21 
97 84 -9 93 45 -101 108 -58 -66 111 -17 39 97 84 -9 93 45 -101 108 -58 -66 111 -17 39 97 84 -9 93 45 -101 108 -58 -66 111 -17 39 97 84 -9 93 45 -101 108 -58 -66 111 -17 39 97 84 -9 93 45 -101 108 -58 -66 111 -17 39 97 84 -9 93 45 -101 108 -58 -66 111 -17 39 97 84 -9 93 45 -101 108 -58 -66 111 -17 39 97 84 -9 93 45 -101 108 -58 -66 111 -17 39 
88 83 -16 87 32 -103 103 -56 -54 103 -12 37 88 83 -16 87 32 -103 103 -56 -54 103 -12 37 88 83 -16 87 32 -103 103 -56 -54 103 -12 37 88 83 -16 87 32 -103 103 -56 -54 103 -12 37 88 83 -16 87 32 -103 103 -56 -54 103 -12 37 88 83 -16 87 32 -103 103 -56 -54 103 -12 37 88 83 -16 87 32 -103 103 -56 -54 103 -12 37 88 83 -16 87 32 -103 103 -56 -54 103 -12 37 
81 80 -10 80 44 -96 96 -56 -57 99 -19 33 81 80 -10 80 44 -96 96 -56 -57 99 -19 33 81 80 -10 80 44 -96 96 -56 -57 99 -19 33 81 80 -10 80 44 -96 96 -56 -57 99 -19 33 81 80 -10 80 44 -96 96 -56 -57 99 -19 33 81 80 -10 80 44 -96 96 -56 -57 99 -19 33 81 80 -10 80 44 -96 96 -56 -57 99 -19 33 81 80 -10 80 44 -96 96 -56 -57 99 -19 33 
73 78 12 70 51 -95 86 -51 -77 92 -39 27 73 78 12 70 51 -95 86 -51 -77 92 -39 27 73 78 12 70 51 -95 86 -51 -77 92 -39 27 73 78 12 70 51 -95 86 -51 -77 92 -39 27 73 78 12 70 51 -95 86 -51 -77 92 -39 27 73 78 12 70 51 -95 86 -51 -77 92 -39 27 73 78 12 70 51 -95 86 -51 -77 92 -39 27 73 78 12 70 51 -95 86 -51 -77 92 -39 27 
73 80 -6 77 37 -94 90 -52 -61 94 -23 31 73 80 -6 77 37 -94 90 -52 -61 94 -23 31 73 80 -6 77 37 -94 90 -52 -61 94 -23 31 73 80 -6 77 37 -94 90 -52 -61 94 -23 31 73 80 -6 77 37 -94 90 -52 -61 94 -23 31 73 80 -6 77 37 -94 90 -52 -61 94 -23 31 73 80 -6 77 37 -94 90 -52 -61 94 -23 31 73 80 -6 77 37 -94 90 -52 -61 94 -23 31 
87 73 2 87 52 -83 101 -36 -74 107 -34 15 87 73 2 87 52 -83 101 -36 -74 107 -34 15 87 73 2 87 52 -83 101 -36 -74 107 -34 15 87 73 2 87 52 -83 101 -36 -74 107 -34 15 87 73 2 87 52 -83 101 -36 -74 107 -34 15 87 73 2 87 52 -83 101 -36 -74 107 -34 15 87 73 2 87 52 -83 101 -36 -74 107 -34 15 87 73 2 87 52 -83 101 -36 -74 107 -34 15 
87 75 -4 89 36 -88 101 -45 -60 106 -20 25 87 75 -4 89 36 -88 101 -45 -60 106 -20 25 87 75 -4 89 36 -88 101 -45 -60 106 -20 25 87 75 -4 89 36 -88 101 -45 -60 106 -20 25 87 75 -4 89 36 -88 101 -45 -60 106 -20 25 87 75 -4 89 36 -88 101 -45 -60 106 -20 25 87 75 -4 89 36 -88 101 -45 -60 106 -20 25 87 75 -4 89 36 -88 101 -45 -60 106 -20 25 
84 77 -17 86 28 -95 95 -56 -53 98 -14 37 84 77 -17 86 28 -95 95 -56 -53 98 -14 37 84 77 -17 86 28 -95 95 -56 -53 98 -14 37 84 77 -17 86 28 -95 95 -56 -53 98 -14 37 84 77 -17 86 28 -95 95 -56 -53 98 -14 37 84 77 -17 86 28 -95 95 -56 -53 98 -14 37 84 77 -17 86 28 -95 95 -56 -53 98 -14 37 84 77 -17 86 28 -95 95 -56 -53 98 -14 37 
74 90 -18 83 21 -108 99 -59 -43 96 -3 42 74 90 -18 83 21 -108 99 -59 -43 96 -3 42 74 90 -18 83 21 -108 99 -59 -43 96 -3 42 74 90 -18 83 21 -108 99 -59 -43 96 -3 42 74 90 -18 83 21 -108 99 -59 -43 96 -3 42 74 90 -18 83 21 -108 99 -59 -43 96 -3 42 74 90 -18 83 21 -108 99 -59 -43 96 -3 42 74 90 -18 83 21 -108 99 -59 -43 96 -3 42 
70 75 -22 74 16 -97 83 -54 -36 80 1 33 70 75 -22 74 16 -97 83 -54 -36 80 1 33 70 75 -22 74 16 -97 83 -54 -36 80 1 33 70 75 -22 74 16 -97 83 -54 -36 80 1 33 70 75 -22 74 16 -97 83 -54 -36 80 1 33 70 75 -22 74 16 -97 83 -54 -36 80 1 33 70 75 -22 74 16 -97 83 -54 -36 80 1 33 70 75 -22 74 16 -97 83 -54 -36 80 1 33 
52 76 -24 57 14 -99 68 -61 -36 64 -1 44 52 76 -24 57 14 -99 68 -61 -36 64 -1 44 52 76 -24 57 14 -99 68 -61 -36 64 -1 44 52 76 -24 57 14 -99 68 -61 -36 64 -1 44 52 76 -24 57 14 -99 68 -61 -36 64 -1 44 52 76 -24 57 14 -99 68 -61 -36 64 -1 44 52 76 -24 57 14 -99 68 -61 -36 64 -1 44 52 76 -24 57 14 -99 68 -61 -36 64 -1 44 
50 81 -4 56 28 -99 70 -58 -54 72 -19 38 50 81 -4 56 28 -99 70 -58 -54 72 -19 38 50 81 -4 56 28 -99 70 -58 -54 72 -19 38 50 81 -4 56 28 -99 70 -58 -54 72 -19 38 50 81 -4 56 28 -99 70 -58 -54 72 -19 38 50 81 -4 56 28 -99 70 -58 -54 72 -19 38 50 81 -4 56 28 -99 70 -58 -54 72 -19 38 50 81 -4 56 28 -99 70 -58 -54 72 -19 38 
53 75 9 51 46 -94 63 -57 -69 69 -39 32 53 75 9 51 46 -94 63 -57 -69 69 -39 32 53 75 9 51 46 -94 63 -57 -69 69 -39 32 53 75 9 51 46 -94 63 -57 -69 69 -39 32 53 75 9 51 46 -94 63 -57 -69 69 -39 32 53 75 9 51 46 -94 63 -57 -69 69 -39 32 53 75 9 51 46 -94 63 -57 -69 69 -39 32 53 75 9 51 46 -94 63 -57 -69 69 -39 32 
56 71 16 49 58 -87 66 -45 -79 76 -45 20 56 71 16 49 58 -87 66 -45 -79 76 -45 20 56 71 16 49 58 -87 66 -45 -79 76 -45 20 56 71 16 49 58 -87 66 -45 -79 76 -45 20 56 71 16 49 58 -87 66 -45 -79 76 -45 20 56 71 16 49 58 -87 66 -45 -79 76 -45 20 56 71 16 49 58 -87 66 -45 -79 76 -45 20 56 71 16 49 58 -87 66 -45 -79 76 -45 20 
54 66 23 46 63 -81 62 -42 -83 68 -52 16 54 66 23 46 63 -81 62 -42 -83 68 -52 16 54 66 23 46 63 -81 62 -42 -83 68 -52 16 54 66 23 46 63 -81 62 -42 -83 68 -52 16 54 66 23 46 63 -81 62 -42 -83 68 -52 16 54 66 23 46 63 -81 62 -42 -83 68 -52 16 54 66 23 46 63 -81 62 -42 -83 68 -52 16 54 66 23 46 63 -81 62 -42 -83 68 -52 16 
50 63 17 43 57 -81 59 -38 -77 69 -41 15 50 63 17 43 57 -81 59 -38 -77 69 -41 15 50 63 17 43 57 -81 59 -38 -77 69 -41 15 50 63 17 43 57 -81 59 -38 -77 69 -41 15 50 63 17 43 57 -81 59 -38 -77 69 -41 15 50 63 17 43 57 -81 59 -38 -77 69 -41 15 50 63 17 43 57 -81 59 -38 -77 69 -41 15 50 63 17 43 57 -81 59 -38 -77 69 -41 15 
41 63 9 38 45 -78 52 -40 -69 58 -35 22 41 63 9 38 45 -78 52 -40 -69 58 -35 22 41 63 9 38 45 -78 52 -40 -69 58 -35 22 41 63 9 38 45 -78 52 -40 -69 58 -35 22 41 63 9 38 45 -78 52 -40 -69 58 -35 22 41 63 9 38 45 -78 52 -40 -69 58 -35 22 41 63 9 38 45 -78 52 -40 -69 58 -35 22 41 63 9 38 45 -78 52 -40 -69 58 -35 22 
38 54 14 35 52 -67 46 -28 -75 53 -41 11 38 54 14 35 52 -67 46 -28 -75 53 -41 11 38 54 14 35 52 -67 46 -28 -75 53 -41 11 38 54 14 35 52 -67 46 -28 -75 53 -41 11 38 54 14 35 52 -67 46 -28 -75 53 -41 11 38 54 14 35 52 -67 46 -28 -75 53 -41 11 38 54 14 35 52 -67 46 -28 -75 53 -41 11 38 54 14 35 52 -67 46 -28 -75 53 -41 11 
35 56 17 35 48 -74 41 -42 -72 49 -36 22 35 56 17 35 48 -74 41 -42 -72 49 -36 22 35 56 17 35 48 -74 41 -42 -72 49 -36 22 35 56 17 35 48 -74 41 -42 -72 49 -36 22 35 56 17 35 48 -74 41 -42 -72 49 -36 22 35 56 17 35 48 -74 41 -42 -72 49 -36 22 35 56 17 35 48 -74 41 -42 -72 49 -36 22 35 56 17 35 48 -74 41 -42 -72 49 -36 22 
40 57 11 36 42 -80 50 -41 -67 54 -33 21 40 57 11 36 42 -80 50 -41 -67 54 -33 21 40 57 11 36 42 -80 50 -41 -67 54 -33 21 40 57 11 36 42 -80 50 -41 -67 54 -33 21 40 57 11 36 42 -80 50 -41 -67 54 -33 21 40 57 11 36 42 -80 50 -41 -67 54 -33 21 40 57 11 36 42 -80 50 -41 -67 54 -33 21 40 57 11 36 42 -80 50 -41 -67 54 -33 21 
38 59 9 41 38 -77 50 -39 -63 54 -32 19 38 59 9 41 38 -77 50 -39 -63 54 -32 19 38 59 9 41 38 -77 50 -39 -63 54 -32 19 38 59 9 41 38 -77 50 -39 -63 54 -32 19 38 59 9 41 38 -77 50 -39 -63 54 -32 19 38 59 9 41 38 -77 50 -39 -63 54 -32 19 38 59 9 41 38 -77 50 -39 -63 54 -32 19 38 59 9 41 38 -77 50 -39 -63 54 -32 19 
39 53 11 37 45 -71 47 -30 -69 54 -38 9 39 53 11 37 45 -71 47 -30 -69 54 -38 9 39 53 11 37 45 -71 47 -30 -69 54 -38 9 39 53 11 37 45 -71 47 -30 -69 54 -38 9 39 53 11 37 45 -71 47 -30 -69 54 -38 9 39 53 11 37 45 -71 47 -30 -69 54 -38 9 39 53 11 37 45 -71 47 -30 -69 54 -38 9 39 53 11 37 45 -71 47 -30 -69 54 -38 9 
40 50 18 37 46 -72 47 -33 -70 53 -40 9 40 50 18 37 46 -72 47 -33 -70 53 -40 9 40 50 18 37 46 -72 47 -33 -70 53 -40 9 40 50 18 37 46 -72 47 -33 -70 53 -40 9 40 50 18 37 46 -72 47 -33 -70 53 -40 9 40 50 18 37 46 -72 47 -33 -70 53 -40 9 40 50 18 37 46 -72 47 -33 -70 53 -40 9 40 50 18 37 46 -72 47 -33 -70 53 -40 9 
52 52 22 45 59 -69 56 -31 -82 65 -48 7 52 52 22 45 59 -69 56 -31 -82 65 -48 7 52 52 22 45 59 -69 56 -31 -82 65 -48 7 52 52 22 45 59 -69 56 -31 -82 65 -48 7 52 52 22 45 59 -69 56 -31 -82 65 -48 7 52 52 22 45 59 -69 56 -31 -82 65 -48 7 52 52 22 45 59 -69 56 -31 -82 65 -48 7 52 52 22 45 59 -69 56 -31 -82 65 -48 7 
73 58 15 77 53 -69 83 -27 -75 86 -41 0 73 58 15 77 53 -69 83 -27 -75 86 -41 0 73 58 15 77 53 -69 83 -27 -75 86 -41 0 73 58 15 77 53 -69 83 -27 -75 86 -41 0 73 58 15 77 53 -69 83 -27 -75 86 -41 0 73 58 15 77 53 -69 83 -27 -75 86 -41 0 73 58 15 77 53 -69 83 -27 -75 86 -41 0 73 58 15 77 53 -69 83 -27 -75 86 -41 0 
98 62 28 95 69 -77 109 -24 -89 117 -44 -2 98 62 28 95 69 -77 109 -24 -89 117 -44 -2 98 62 28 95 69 -77 109 -24 -89 117 -44 -2 98 62 28 95 69 -77 109 -24 -89 117 -44 -2 98 62 28 95 69 -77 109 -24 -89 117 -44 -2 98 62 28 95 69 -77 109 -24 -89 117 -44 -2 98 62 28 95 69 -77 109 -24 -89 117 -44 -2 98 62 28 95 69 -77 109 -24 -89 117 -44 -2 
101 59 36 94 75 -77 110 -27 -97 119 -57 -1 101 59 36 94 75 -77 110 -27 -97 119 -57 -1 101 59 36 94 75 -77 110 -27 -97 119 -57 -1 101 59 36 94 75 -77 110 -27 -97 119 -57 -1 101 59 36 94 75 -77 110 -27 -97 119 -57 -1 101 59 36 94 75 -77 110 -27 -97 119 -57 -1 101 59 36 94 75 -77 110 -27 -97 119 -57 -1 101 59 36 94 75 -77 110 -27 -97 119 -57 -1 
95 68 24 89 68 -82 104 -38 -92 112 -57 10 95 68 24 89 68 -82 104 -38 -92 112 -57 10 95 68 24 89 68 -82 104 -38 -92 112 -57 10 95 68 24 89 68 -82 104 -38 -92 112 -57 10 95 68 24 89 68 -82 104 -38 -92 112 -57 10 95 68 24 89 68 -82 104 -38 -92 112 -57 10 95 68 24 89 68 -82 104 -38 -92 112 -57 10 95 68 24 89 68 -82 104 -38 -92 112 -57 10 
85 61 32 78 69 -75 92 -32 -90 102 -56 3 85 61 32 78 69 -75 92 -32 -90 102 -56 3 85 61 32 78 69 -75 92 -32 -90 102 -56 3 85 61 32 78 69 -75 92 -32 -90 102 -56 3 85 61 32 78 69 -75 92 -32 -90 102 -56 3 85 61 32 78 69 -75 92 -32 -90 102 -56 3 85 61 32 78 69 -75 92 -32 -90 102 -56 3 85 61 32 78 69 -75 92 -32 -90 102 -56 3 
68 58 27 60 59 -76 72 -36 -83 84 -48 10 68 58 27 60 59 -76 72 -36 -83 84 -48 10 68 58 27 60 59 -76 72 -36 -83 84 -48 10 68 58 27 60 59 -76 72 -36 -83 84 -48 10 68 58 27 60 59 -76 72 -36 -83 84 -48 10 68 58 27 60 59 -76 72 -36 -83 84 -48 10 68 58 27 60 59 -76 72 -36 -83 84 -48 10 68 58 27 60 59 -76 72 -36 -83 84 -48 10 
58 58 20 47 62 -72 58 -39 -80 68 -50 9 58 58 20 47 62 -72 58 -39 -80 68 -50 9 58 58 20 47 62 -72 58 -39 -80 68 -50 9 58 58 20 47 62 -72 58 -39 -80 68 -50 9 58 58 20 47 62 -72 58 -39 -80 68 -50 9 58 58 20 47 62 -72 58 -39 -80 68 -50 9 58 58 20 47 62 -72 58 -39 -80 68 -50 9 58 58 20 47 62 -72 58 -39 -80 68 -50 9 
54 53 29 45 64 -72 55 -32 -86 68 -48 8 54 53 29 45 64 -72 55 -32 -86 68 -48 8 54 53 29 45 64 -72 55 -32 -86 68 -48 8 54 53 29 45 64 -72 55 -32 -86 68 -48 8 54 53 29 45 64 -72 55 -32 -86 68 -48 8 54 53 29 45 64 -72 55 -32 -86 68 -48 8 54 53 29 45 64 -72 55 -32 -86 68 -48 8 54 53 29 45 64 -72 55 -32 -86 68 -48 8 
41 51 35 32 67 -66 44 -26 -89 58 -56 4 41 51 35 32 67 -66 44 -26 -89 58 -56 4 41 51 35 32 67 -66 44 -26 -89 58 -56 4 41 51 35 32 67 -66 44 -26 -89 58 -56 4 41 51 35 32 67 -66 44 -26 -89 58 -56 4 41 51 35 32 67 -66 44 -26 -89 58 -56 4 41 51 35 32 67 -66 44 -26 -89 58 -56 4 41 51 35 32 67 -66 44 -26 -89 58 -56 4 
46 56 8 47 47 -65 56 -26 -74 61 -42 2 46 56 8 47 47 -65 56 -26 -74 61 -42 2 46 56 8 47 47 -65 56 -26 -74 61 -42 2 46 56 8 47 47 -65 56 -26 -74 61 -42 2 46 56 8 47 47 -65 56 -26 -74 61 -42 2 46 56 8 47 47 -65 56 -26 -74 61 -42 2 46 56 8 47 47 -65 56 -26 -74 61 -42 2 46 56 8 47 47 -65 56 -26 -74 61 -42 2 
69 55 6 72 44 -68 81 -21 -71 84 -30 3 69 55 6 72 44 -68 81 -21 -71 84 -30 3 69 55 6 72 44 -68 81 -21 -71 84 -30 3 69 55 6 72 44 -68 81 -21 -71 84 -30 3 69 55 6 72 44 -68 81 -21 -71 84 -30 3 69 55 6 72 44 -68 81 -21 -71 84 -30 3 69 55 6 72 44 -68 81 -21 -71 84 -30 3 69 55 6 72 44 -68 81 -21 -71 84 -30 3 
77 50 9 78 49 -60 87 -14 -75 92 -33 -4 77 50 9 78 49 -60 87 -14 -75 92 -33 -4 77 50 9 78 49 -60 87 -14 -75 92 -33 -4 77 50 9 78 49 -60 87 -14 -75 92 -33 -4 77 50 9 78 49 -60 87 -14 -75 92 -33 -4 77 50 9 78 49 -60 87 -14 -75 92 -33 -4 77 50 9 78 49 -60 87 -14 -75 92 -33 -4 77 50 9 78 49 -60 87 -14 -75 92 -33 -4 
51 48 3 53 37 -63 62 -23 -64 66 -30 5 51 48 3 53 37 -63 62 -23 -64 66 -30 5 51 48 3 53 37 -63 62 -23 -64 66 -30 5 51 48 3 53 37 -63 62 -23 -64 66 -30 5 51 48 3 53 37 -63 62 -23 -64 66 -30 5 51 48 3 53 37 -63 62 -23 -64 66 -30 5 51 48 3 53 37 -63 62 -23 -64 66 -30 5 51 48 3 53 37 -63 62 -23 -64 66 -30 5 
28 66 -4 30 27 -82 44 -44 -53 47 -23 28 28 66 -4 30 27 -82 44 -44 -53 47 -23 28 28 66 -4 30 27 -82 44 -44 -53 47 -23 28 28 66 -4 30 27 -82 44 -44 -53 47 -23 28 28 66 -4 30 27 -82 44 -44 -53 47 -23 28 28 66 -4 30 27 -82 44 -44 -53 47 -23 28 28 66 -4 30 27 -82 44 -44 -53 47 -23 28 28 66 -4 30 27 -82 44 -44 -53 47 -23 28 
20 103 -38 34 1 -113 51 -78 -29 50 0 68 20 103 -38 34 1 -113 51 -78 -29 50 0 68 20 103 -38 34 1 -113 51 -78 -29 50 0 68 20 103 -38 34 1 -113 51 -78 -29 50 0 68 20 103 -38 34 1 -113 51 -78 -29 50 0 68 20 103 -38 34 1 -113 51 -78 -29 50 0 68 20 103 -38 34 1 -113 51 -78 -29 50 0 68 20 103 -38 34 1 -113 51 -78 -29 50 0 68 
