71.00 93.00 -8.00
71.00 93.00 -8.00
70.00 93.00 -6.00
71.00 93.00 -6.00
72.00 92.00 -6.00
73.00 93.00 -7.00
72.00 93.00 -7.00
72.00 93.00 -6.00
71.00 94.00 -6.00
73.00 93.00 -7.00
73.00 93.00 -10.00
73.00 93.00 -11.00
74.00 92.00 -12.00
74.00 93.00 -12.00
73.00 93.00 -10.00
73.00 92.00 -9.00
73.00 93.00 -7.00
74.00 91.00 -4.00
73.00 91.00 -3.00
73.00 91.00 -2.00
74.00 90.00 -3.00
75.00 90.00 -7.00
77.00 89.00 -7.00
76.00 89.00 -8.00
76.00 88.00 -7.00
75.00 88.00 -5.00
76.00 87.00 -4.00
76.00 86.00 -3.00
75.00 85.00 -2.00
76.00 87.00 -2.00
75.00 87.00 -2.00
72.00 88.00 -4.00
72.00 87.00 -7.00
72.00 89.00 -9.00
71.00 89.00 -9.00
70.00 90.00 -8.00
72.00 87.00 -6.00
71.00 87.00 -4.00
72.00 85.00 -2.00
72.00 84.00 -1.00
72.00 84.00 -3.00
73.00 85.00 -5.00
74.00 83.00 -5.00
73.00 83.00 -5.00
74.00 84.00 -4.00
73.00 81.00 1.00
74.00 80.00 3.00
73.00 80.00 4.00
73.00 79.00 3.00
73.00 80.00 3.00
71.00 81.00 -2.00
72.00 80.00 -4.00
71.00 81.00 -5.00
72.00 80.00 -2.00
71.00 79.00 -2.00
70.00 79.00 2.00
71.00 79.00 3.00
71.00 78.00 5.00
70.00 78.00 6.00
70.00 78.00 5.00
72.00 76.00 4.00
72.00 74.00 6.00
71.00 74.00 7.00
71.00 73.00 10.00
72.00 72.00 11.00
71.00 71.00 12.00
71.00 71.00 13.00
70.00 71.00 14.00
70.00 71.00 12.00
70.00 71.00 12.00
70.00 72.00 10.00
71.00 72.00 8.00
71.00 70.00 11.00
71.00 69.00 11.00
71.00 67.00 14.00
70.00 67.00 17.00
71.00 66.00 16.00
71.00 65.00 16.00
71.00 64.00 14.00
72.00 62.00 13.00
71.00 60.00 12.00
73.00 58.00 14.00
74.00 56.00 15.00
74.00 55.00 17.00
74.00 53.00 18.00
74.00 54.00 18.00
75.00 56.00 19.00
75.00 58.00 17.00
76.00 59.00 16.00
77.00 59.00 14.00
77.00 59.00 15.00
78.00 60.00 15.00
78.00 60.00 17.00
77.00 61.00 16.00
79.00 61.00 17.00
79.00 60.00 17.00
79.00 62.00 15.00
83.00 59.00 12.00
83.00 58.00 14.00
84.00 60.00 14.00