68.00 37.00 7.00
68.00 39.00 7.00
67.00 39.00 7.00
66.00 38.00 7.00
65.00 37.00 7.00
63.00 39.00 7.00
59.00 41.00 6.00
57.00 41.00 6.00
56.00 38.00 6.00
53.00 38.00 8.00
49.00 39.00 7.00
48.00 38.00 6.00
45.00 40.00 5.00
40.00 42.00 5.00
38.00 42.00 3.00
33.00 42.00 1.00
31.00 45.00 1.00
26.00 46.00 -1.00
24.00 47.00 -2.00
19.00 51.00 -2.00
14.00 54.00 -1.00
13.00 55.00 -1.00
11.00 59.00 -1.00
9.00 60.00 -2.00
6.00 65.00 -3.00
6.00 66.00 -4.00
2.00 74.00 -6.00
0.00 80.00 -12.00
-3.00 83.00 -16.00
-7.00 88.00 -23.00
-9.00 90.00 -28.00
-15.00 95.00 -35.00
-21.00 98.00 -46.00
-22.00 99.00 -52.00
-25.00 96.00 -65.00
-25.00 95.00 -70.00
-23.00 86.00 -84.00
-21.00 79.00 -91.00
-16.00 60.00 -105.00
-1.00 37.00 -108.00
3.00 28.00 -105.00
14.00 13.00 -94.00
18.00 8.00 -90.00
27.00 5.00 -76.00
31.00 5.00 -68.00
37.00 9.00 -51.00
41.00 15.00 -38.00
42.00 16.00 -32.00
45.00 20.00 -23.00
45.00 23.00 -18.00
46.00 29.00 -12.00
47.00 31.00 -9.00
49.00 34.00 -1.00
49.00 37.00 1.00
49.00 39.00 3.00
49.00 44.00 6.00
50.00 45.00 7.00
53.00 45.00 10.00
55.00 44.00 15.00
54.00 44.00 17.00
58.00 46.00 18.00
59.00 48.00 19.00
63.00 48.00 19.00
65.00 50.00 19.00
68.00 50.00 18.00
73.00 50.00 20.00
75.00 51.00 20.00
75.00 51.00 22.00
78.00 51.00 23.00
80.00 51.00 25.00
82.00 51.00 23.00
83.00 53.00 24.00
80.00 57.00 25.00
80.00 58.00 25.00
81.00 59.00 23.00
81.00 61.00 19.00
81.00 60.00 19.00
79.00 62.00 20.00
77.00 61.00 22.00
77.00 58.00 25.00
77.00 56.00 28.00
76.00 49.00 31.00
76.00 47.00 30.00
72.00 47.00 32.00
71.00 47.00 31.00
70.00 44.00 31.00
71.00 42.00 28.00
69.00 41.00 26.00
65.00 42.00 28.00
65.00 39.00 30.00
66.00 40.00 29.00
65.00 37.00 29.00
66.00 37.00 31.00
66.00 39.00 30.00
66.00 42.00 29.00
69.00 45.00 27.00
70.00 46.00 26.00
73.00 48.00 24.00
74.00 50.00 22.00
74.00 51.00 22.00