35.00 33.00 -128.00
52.00 -29.00 -114.00
64.00 -74.00 -71.00
69.00 -86.00 -8.00
66.00 -59.00 59.00
53.00 12.00 97.00
34.00 107.00 61.00
22.00 133.00 -43.00


59.00 13.00 -37.00
62.00 8.00 -42.00
65.00 -5.00 -41.00
67.00 -14.00 -21.00
65.00 1.00 -1.00
60.00 26.00 -4.00
56.00 34.00 -26.00
57.00 22.00 -40.00


58.00 36.00 12.00
55.00 55.00 -20.00
53.00 44.00 -55.00
57.00 17.00 -69.00
57.00 -10.00 -63.00
63.00 -30.00 -46.00
68.00 -32.00 -15.00
67.00 -10.00 13.00


69.00 37.00 27.00
63.00 67.00 -13.00
60.00 58.00 -58.00
60.00 28.00 -82.00
62.00 -10.00 -83.00
69.00 -43.00 -56.00
76.00 -49.00 -13.00
77.00 -23.00 22.00


90.00 44.00 27.00
87.00 70.00 -12.00
84.00 65.00 -56.00
85.00 33.00 -85.00
85.00 -12.00 -86.00
95.00 -38.00 -58.00
101.00 -45.00 -17.00
103.00 -16.00 20.00


88.00 56.00 29.00
82.00 85.00 -21.00
80.00 72.00 -74.00
85.00 27.00 -102.00
92.00 -24.00 -93.00
98.00 -57.00 -55.00
106.00 -47.00 0.00
103.00 -9.00 34.00


72.00 50.00 30.00
67.00 78.00 -15.00
67.00 67.00 -71.00
70.00 20.00 -99.00
77.00 -27.00 -89.00
85.00 -54.00 -49.00
88.00 -51.00 -1.00
86.00 -14.00 35.00


67.00 44.00 27.00
61.00 73.00 -12.00
59.00 64.00 -62.00
62.00 26.00 -91.00
66.00 -18.00 -86.00
74.00 -50.00 -54.00
77.00 -52.00 -6.00
78.00 -19.00 29.00


74.00 53.00 21.00
69.00 74.00 -24.00
68.00 58.00 -70.00
72.00 20.00 -90.00
77.00 -18.00 -82.00
83.00 -48.00 -50.00
87.00 -46.00 -4.00
86.00 -12.00 28.00


79.00 58.00 28.00
74.00 81.00 -21.00
74.00 67.00 -68.00
78.00 24.00 -96.00
84.00 -23.00 -89.00
93.00 -52.00 -51.00
96.00 -52.00 0.00
95.00 -15.00 35.00


90.00 71.00 7.00
84.00 80.00 -45.00
83.00 50.00 -90.00
88.00 2.00 -103.00
98.00 -42.00 -75.00
104.00 -56.00 -24.00
107.00 -30.00 21.00
103.00 20.00 36.00


97.00 84.00 -9.00
91.00 81.00 -66.00
93.00 45.00 -101.00
101.00 -14.00 -105.00
108.00 -58.00 -66.00
113.00 -60.00 -6.00
111.00 -17.00 39.00
106.00 37.00 41.00


88.00 83.00 -16.00
85.00 74.00 -68.00
87.00 32.00 -103.00
95.00 -21.00 -97.00
103.00 -56.00 -54.00
106.00 -52.00 1.00
103.00 -12.00 37.00
98.00 37.00 36.00


81.00 80.00 -10.00
79.00 77.00 -60.00
80.00 44.00 -96.00
87.00 -18.00 -97.00
96.00 -56.00 -57.00
100.00 -55.00 -4.00
99.00 -19.00 33.00
93.00 35.00 36.00


73.00 78.00 12.00
70.00 85.00 -46.00
70.00 51.00 -95.00
76.00 -3.00 -106.00
86.00 -51.00 -77.00
92.00 -65.00 -22.00
92.00 -39.00 27.00
88.00 13.00 44.00


73.00 80.00 -6.00
72.00 73.00 -62.00
77.00 37.00 -94.00
82.00 -13.00 -96.00
90.00 -52.00 -61.00
96.00 -55.00 -9.00
94.00 -23.00 31.00
88.00 27.00 38.00


87.00 73.00 2.00
85.00 77.00 -47.00
87.00 52.00 -83.00
91.00 7.00 -96.00
101.00 -36.00 -74.00
106.00 -52.00 -29.00
107.00 -34.00 15.00
104.00 9.00 35.00


87.00 75.00 -4.00
86.00 71.00 -58.00
89.00 36.00 -88.00
94.00 -10.00 -89.00
101.00 -45.00 -60.00
106.00 -49.00 -14.00
106.00 -20.00 25.00
102.00 25.00 31.00


84.00 77.00 -17.00
81.00 68.00 -68.00
86.00 28.00 -95.00
89.00 -21.00 -92.00
95.00 -56.00 -53.00
100.00 -53.00 0.00
98.00 -14.00 37.00
93.00 37.00 35.00


74.00 90.00 -18.00
76.00 71.00 -81.00
83.00 21.00 -108.00
94.00 -33.00 -89.00
99.00 -59.00 -43.00
99.00 -50.00 10.00
96.00 -3.00 42.00
89.00 47.00 34.00


70.00 75.00 -22.00
71.00 61.00 -72.00
74.00 16.00 -97.00
80.00 -31.00 -80.00
83.00 -54.00 -36.00
84.00 -39.00 8.00
80.00 1.00 33.00
76.00 45.00 24.00


52.00 76.00 -24.00
53.00 60.00 -74.00
57.00 14.00 -99.00
64.00 -37.00 -83.00
68.00 -61.00 -36.00
69.00 -48.00 15.00
64.00 -1.00 44.00
58.00 49.00 29.00


50.00 81.00 -4.00
51.00 72.00 -66.00
56.00 28.00 -99.00
62.00 -27.00 -94.00
70.00 -58.00 -54.00
74.00 -58.00 -1.00
72.00 -19.00 38.00
66.00 36.00 39.00


53.00 75.00 9.00
49.00 82.00 -46.00
51.00 46.00 -94.00
58.00 -11.00 -102.00
63.00 -57.00 -69.00
69.00 -66.00 -16.00
69.00 -39.00 32.00
63.00 15.00 49.00


56.00 71.00 16.00
51.00 83.00 -39.00
49.00 58.00 -87.00
58.00 3.00 -104.00
66.00 -45.00 -79.00
74.00 -63.00 -28.00
76.00 -45.00 20.00
72.00 5.00 44.00


54.00 66.00 23.00
49.00 84.00 -30.00
46.00 63.00 -81.00
53.00 10.00 -105.00
62.00 -42.00 -83.00
67.00 -65.00 -34.00
68.00 -52.00 16.00
67.00 -3.00 46.00


50.00 63.00 17.00
44.00 80.00 -33.00
43.00 57.00 -81.00
42.00 4.00 -103.00
59.00 -38.00 -77.00
67.00 -56.00 -31.00
69.00 -41.00 15.00
67.00 2.00 38.00


41.00 63.00 9.00
40.00 71.00 -36.00
38.00 45.00 -78.00
44.00 2.00 -91.00
52.00 -40.00 -69.00
57.00 -55.00 -20.00
58.00 -35.00 22.00
54.00 10.00 38.00


38.00 54.00 14.00
36.00 69.00 -30.00
35.00 52.00 -67.00
38.00 10.00 -88.00
46.00 -28.00 -75.00
51.00 -53.00 -37.00
53.00 -41.00 11.00
49.00 0.00 36.00


35.00 56.00 17.00
34.00 71.00 -31.00
35.00 48.00 -74.00
34.00 8.00 -92.00
41.00 -42.00 -72.00
50.00 -56.00 -23.00
49.00 -36.00 22.00
47.00 4.00 35.00


40.00 57.00 11.00
35.00 70.00 -39.00
36.00 42.00 -80.00
43.00 -1.00 -89.00
50.00 -41.00 -67.00
54.00 -56.00 -22.00
54.00 -33.00 21.00
50.00 10.00 36.00


38.00 59.00 9.00
38.00 64.00 -38.00
41.00 38.00 -77.00
44.00 -3.00 -83.00
50.00 -39.00 -63.00
53.00 -52.00 -21.00
54.00 -32.00 19.00
51.00 10.00 33.00


39.00 53.00 11.00
35.00 67.00 -29.00
37.00 45.00 -71.00
41.00 7.00 -84.00
47.00 -30.00 -69.00
52.00 -50.00 -32.00
54.00 -38.00 9.00
51.00 0.00 30.00


40.00 50.00 18.00
37.00 68.00 -29.00
37.00 46.00 -72.00
43.00 4.00 -85.00
47.00 -33.00 -70.00
51.00 -53.00 -31.00
53.00 -40.00 9.00
52.00 -2.00 32.00


52.00 52.00 22.00
44.00 76.00 -21.00
45.00 59.00 -69.00
50.00 14.00 -93.00
56.00 -31.00 -82.00
63.00 -57.00 -40.00
65.00 -48.00 7.00
62.00 -9.00 35.00


73.00 58.00 15.00
72.00 73.00 -32.00
77.00 53.00 -69.00
79.00 14.00 -87.00
83.00 -27.00 -75.00
85.00 -48.00 -39.00
86.00 -41.00 0.00
85.00 -5.00 28.00


98.00 62.00 28.00
96.00 84.00 -25.00
95.00 69.00 -77.00
103.00 19.00 -102.00
109.00 -24.00 -89.00
114.00 -51.00 -49.00
117.00 -44.00 -2.00
114.00 -8.00 29.00


101.00 59.00 36.00
95.00 90.00 -18.00
94.00 75.00 -77.00
102.00 25.00 -107.00
110.00 -27.00 -97.00
117.00 -59.00 -55.00
119.00 -57.00 -1.00
117.00 -18.00 37.00


95.00 68.00 24.00
88.00 92.00 -25.00
89.00 68.00 -82.00
95.00 15.00 -109.00
104.00 -38.00 -92.00
110.00 -65.00 -46.00
112.00 -57.00 10.00
108.00 -11.00 47.00


85.00 61.00 32.00
80.00 86.00 -24.00
78.00 69.00 -75.00
82.00 20.00 -104.00
92.00 -32.00 -90.00
99.00 -61.00 -50.00
102.00 -56.00 3.00
101.00 -18.00 38.00


68.00 58.00 27.00
60.00 81.00 -21.00
60.00 59.00 -76.00
63.00 14.00 -100.00
72.00 -36.00 -83.00
80.00 -59.00 -41.00
84.00 -48.00 10.00
82.00 -7.00 41.00


58.00 58.00 20.00
53.00 76.00 -19.00
47.00 62.00 -72.00
49.00 12.00 -99.00
58.00 -39.00 -80.00
65.00 -60.00 -40.00
68.00 -50.00 9.00
68.00 -8.00 39.00


54.00 53.00 29.00
49.00 79.00 -19.00
45.00 64.00 -72.00
45.00 20.00 -99.00
55.00 -32.00 -86.00
63.00 -60.00 -40.00
68.00 -48.00 8.00
68.00 -10.00 39.00


41.00 51.00 35.00
35.00 78.00 -7.00
32.00 67.00 -66.00
35.00 24.00 -97.00
44.00 -26.00 -89.00
53.00 -61.00 -47.00
58.00 -56.00 4.00
57.00 -18.00 41.00


46.00 56.00 8.00
47.00 63.00 -28.00
47.00 47.00 -65.00
49.00 16.00 -84.00
56.00 -26.00 -74.00
60.00 -48.00 -39.00
61.00 -42.00 2.00
57.00 -10.00 30.00


69.00 55.00 6.00
69.00 63.00 -33.00
72.00 44.00 -68.00
77.00 13.00 -79.00
81.00 -21.00 -71.00
85.00 -41.00 -36.00
84.00 -30.00 3.00
81.00 4.00 22.00


77.00 50.00 9.00
77.00 61.00 -26.00
78.00 49.00 -60.00
81.00 20.00 -79.00
87.00 -14.00 -75.00
91.00 -39.00 -44.00
92.00 -33.00 -4.00
89.00 -3.00 19.00


51.00 48.00 3.00
51.00 56.00 -33.00
53.00 37.00 -63.00
57.00 9.00 -74.00
62.00 -23.00 -64.00
66.00 -42.00 -31.00
66.00 -30.00 5.00
61.00 3.00 22.00


28.00 66.00 -4.00
28.00 62.00 -51.00
30.00 27.00 -82.00
38.00 -16.00 -80.00
44.00 -44.00 -53.00
48.00 -50.00 -11.00
47.00 -23.00 28.00
42.00 23.00 34.00


20.00 103.00 -38.00
24.00 63.00 -98.00
34.00 1.00 -113.00
46.00 -55.00 -85.00
51.00 -78.00 -29.00
54.00 -61.00 31.00
50.00 0.00 68.00
42.00 72.00 48.00


