60.00 49.00 21.00
59.00 49.00 22.00
58.00 49.00 24.00
58.00 48.00 24.00
61.00 45.00 25.00
61.00 43.00 28.00
63.00 44.00 27.00
64.00 43.00 28.00
66.00 40.00 26.00
70.00 40.00 24.00
70.00 41.00 23.00
71.00 44.00 22.00
71.00 43.00 25.00
75.00 40.00 26.00
75.00 41.00 27.00
76.00 43.00 26.00
78.00 47.00 24.00
78.00 48.00 24.00
79.00 49.00 25.00
81.00 48.00 25.00
87.00 46.00 26.00
88.00 41.00 29.00
90.00 41.00 31.00
91.00 39.00 33.00
91.00 39.00 36.00
91.00 41.00 37.00
92.00 42.00 38.00
96.00 39.00 38.00
98.00 39.00 36.00
99.00 42.00 34.00
99.00 43.00 33.00
99.00 47.00 32.00
99.00 47.00 33.00
98.00 47.00 36.00
99.00 43.00 39.00
100.00 43.00 36.00
101.00 45.00 34.00
100.00 45.00 34.00
98.00 49.00 33.00
97.00 51.00 31.00
97.00 48.00 33.00
98.00 46.00 30.00
95.00 54.00 20.00
94.00 57.00 13.00
93.00 60.00 11.00
89.00 61.00 15.00
88.00 60.00 22.00
82.00 52.00 39.00
81.00 56.00 36.00
81.00 58.00 31.00
78.00 60.00 29.00
77.00 62.00 27.00
75.00 62.00 28.00
75.00 59.00 28.00
71.00 64.00 24.00
69.00 66.00 22.00
68.00 67.00 17.00
62.00 69.00 18.00
60.00 66.00 20.00
58.00 66.00 19.00
52.00 69.00 18.00
53.00 67.00 16.00
50.00 68.00 15.00
47.00 69.00 14.00
45.00 69.00 13.00
46.00 68.00 11.00
42.00 71.00 9.00
40.00 74.00 4.00
39.00 75.00 2.00
34.00 75.00 4.00
33.00 75.00 6.00
33.00 72.00 12.00
29.00 73.00 13.00
31.00 73.00 12.00
31.00 71.00 13.00
31.00 71.00 15.00
30.00 69.00 17.00
32.00 66.00 20.00
30.00 66.00 19.00
29.00 66.00 18.00
28.00 65.00 18.00
27.00 62.00 22.00
27.00 60.00 23.00
29.00 54.00 27.00
29.00 53.00 27.00
34.00 49.00 27.00
36.00 49.00 24.00
37.00 48.00 24.00
40.00 46.00 24.00
43.00 46.00 22.00
44.00 48.00 22.00
47.00 50.00 17.00
49.00 52.00 15.00
49.00 50.00 16.00
55.00 45.00 19.00
57.00 44.00 20.00
61.00 44.00 17.00
63.00 41.00 16.00
64.00 41.00 15.00
64.00 42.00 15.00