82.00 64.00 14.00
81.00 67.00 13.00
78.00 68.00 15.00
78.00 68.00 15.00
75.00 74.00 12.00
73.00 76.00 8.00
74.00 78.00 2.00
75.00 75.00 2.00
79.00 71.00 8.00
75.00 74.00 7.00
72.00 78.00 8.00
68.00 80.00 7.00
69.00 81.00 2.00
71.00 80.00 -7.00
72.00 81.00 -8.00
65.00 88.00 -8.00
62.00 91.00 -12.00
58.00 93.00 -13.00
59.00 92.00 -18.00
60.00 91.00 -19.00
59.00 93.00 -19.00
57.00 94.00 -16.00
56.00 94.00 -11.00
56.00 94.00 -11.00
59.00 92.00 -12.00
59.00 91.00 -17.00
57.00 93.00 -17.00
54.00 96.00 -18.00
53.00 95.00 -18.00
56.00 93.00 -25.00
62.00 88.00 -26.00
59.00 86.00 -20.00
58.00 86.00 -17.00
55.00 87.00 -15.00
54.00 88.00 -17.00
54.00 85.00 -18.00
54.00 83.00 -17.00
53.00 80.00 -11.00
47.00 79.00 -14.00
45.00 80.00 -17.00
42.00 79.00 -18.00
43.00 78.00 -17.00
43.00 73.00 -13.00
41.00 73.00 -10.00
38.00 75.00 -7.00
38.00 76.00 -7.00
38.00 77.00 -8.00
42.00 74.00 -6.00
43.00 73.00 -3.00
43.00 75.00 -2.00
41.00 75.00 -3.00
38.00 79.00 -2.00
38.00 78.00 -1.00
40.00 78.00 0.00
39.00 79.00 -2.00
37.00 81.00 -1.00
35.00 83.00 -3.00
35.00 82.00 0.00
39.00 79.00 -1.00
41.00 78.00 1.00
40.00 77.00 3.00
38.00 79.00 3.00
35.00 81.00 6.00
35.00 81.00 6.00
38.00 78.00 7.00
42.00 77.00 8.00
38.00 78.00 11.00
31.00 80.00 14.00
31.00 81.00 15.00
31.00 81.00 10.00
34.00 81.00 7.00
30.00 83.00 9.00
25.00 87.00 6.00
22.00 87.00 5.00
23.00 87.00 1.00
23.00 85.00 5.00
28.00 83.00 2.00
26.00 82.00 6.00
22.00 83.00 7.00
22.00 82.00 7.00
24.00 80.00 8.00
31.00 74.00 8.00
32.00 73.00 11.00
28.00 72.00 10.00
25.00 73.00 8.00
19.00 75.00 8.00
18.00 71.00 9.00
23.00 67.00 9.00
24.00 66.00 10.00
18.00 64.00 14.00
17.00 63.00 15.00
19.00 62.00 14.00
21.00 61.00 15.00
24.00 58.00 15.00
22.00 57.00 17.00
21.00 59.00 17.00
15.00 62.00 19.00
16.00 62.00 19.00
18.00 59.00 21.00
23.00 59.00 20.00