-14.00 -20.00 195.00
-202.00 -56.00 -8.00
-28.00 -33.00 -250.00
263.00 5.00 -46.00


-14.00 62.00 -36.00
-6.00 62.00 -16.00
-22.00 59.00 -10.00
-33.00 56.00 -19.00


9.00 72.00 -66.00
24.00 74.00 11.00
-49.00 61.00 23.00
-64.00 61.00 -50.00


3.00 92.00 -77.00
34.00 93.00 14.00
-46.00 81.00 42.00
-77.00 80.00 -44.00


11.00 104.00 -76.00
28.00 107.00 21.00
-66.00 91.00 38.00
-82.00 90.00 -55.00


9.00 89.00 -83.00
36.00 94.00 17.00
-71.00 76.00 32.00
-82.00 77.00 -53.00


-2.00 79.00 -77.00
35.00 84.00 1.00
-47.00 68.00 39.00
-81.00 64.00 -37.00


-3.00 92.00 -79.00
35.00 97.00 2.00
-50.00 81.00 40.00
-82.00 77.00 -46.00


10.00 101.00 -74.00
32.00 100.00 19.00
-56.00 85.00 44.00
-84.00 84.00 -50.00


