81.00 65.00 20.00
84.00 64.00 17.00
84.00 62.00 17.00
83.00 62.00 17.00
83.00 63.00 19.00
83.00 62.00 19.00
83.00 62.00 19.00
82.00 61.00 19.00
82.00 59.00 19.00
80.00 57.00 20.00
83.00 56.00 17.00
84.00 55.00 17.00
83.00 54.00 18.00
84.00 53.00 18.00
84.00 51.00 20.00
84.00 48.00 23.00
84.00 46.00 24.00
85.00 44.00 24.00
88.00 40.00 21.00
87.00 39.00 24.00
86.00 40.00 26.00
85.00 40.00 26.00
83.00 39.00 26.00
83.00 40.00 25.00
83.00 39.00 24.00
84.00 38.00 23.00
79.00 41.00 26.00
78.00 40.00 26.00
76.00 38.00 26.00
74.00 33.00 27.00
74.00 30.00 26.00
73.00 30.00 26.00
70.00 30.00 28.00
71.00 29.00 27.00
69.00 28.00 28.00
69.00 30.00 28.00
70.00 29.00 26.00
71.00 32.00 28.00
72.00 32.00 30.00
73.00 32.00 30.00
73.00 33.00 31.00
75.00 32.00 34.00
78.00 33.00 33.00
80.00 35.00 32.00
81.00 39.00 32.00
82.00 41.00 30.00
83.00 45.00 28.00
85.00 46.00 25.00
88.00 46.00 22.00
87.00 48.00 23.00
88.00 47.00 23.00
90.00 42.00 26.00
88.00 41.00 27.00
91.00 36.00 26.00
92.00 34.00 25.00
92.00 33.00 26.00
91.00 32.00 23.00
90.00 32.00 25.00
90.00 33.00 23.00
87.00 33.00 23.00
85.00 35.00 24.00
82.00 35.00 25.00
80.00 33.00 24.00
76.00 30.00 24.00
75.00 30.00 22.00
73.00 29.00 21.00
71.00 31.00 18.00
70.00 30.00 16.00
65.00 29.00 14.00
64.00 29.00 11.00
63.00 30.00 7.00
61.00 31.00 6.00
59.00 29.00 4.00
57.00 24.00 -1.00
57.00 21.00 -4.00
55.00 16.00 -13.00
54.00 14.00 -17.00
50.00 10.00 -25.00
47.00 8.00 -31.00
43.00 1.00 -48.00
35.00 -1.00 -68.00
30.00 -2.00 -75.00
24.00 2.00 -92.00
20.00 6.00 -103.00
15.00 26.00 -122.00
13.00 43.00 -125.00
15.00 76.00 -113.00
17.00 93.00 -98.00
23.00 102.00 -80.00
26.00 102.00 -70.00
30.00 99.00 -51.00
30.00 97.00 -44.00
31.00 90.00 -34.00
33.00 86.00 -31.00
33.00 79.00 -23.00
33.00 71.00 -14.00
35.00 68.00 -11.00
32.00 61.00 -8.00
32.00 58.00 -7.00
34.00 53.00 -6.00