19.00 -91.00 -64.00 | 25.00 -40.00 -72.00
23.00 -90.00 -65.00 | 28.00 -39.00 -73.00
24.00 -90.00 -63.00 | 29.00 -39.00 -70.00
25.00 -90.00 -61.00 | 32.00 -40.00 -69.00
27.00 -90.00 -59.00 | 33.00 -40.00 -67.00
28.00 -89.00 -61.00 | 33.00 -39.00 -69.00
26.00 -89.00 -62.00 | 32.00 -39.00 -69.00
23.00 -89.00 -65.00 | 31.00 -39.00 -71.00
22.00 -89.00 -66.00 | 25.00 -39.00 -74.00
16.00 -90.00 -67.00 | 22.00 -39.00 -75.00
13.00 -91.00 -68.00 | 19.00 -39.00 -74.00
11.00 -91.00 -69.00 | 15.00 -40.00 -77.00
6.00 -90.00 -71.00 | 10.00 -39.00 -77.00
2.00 -90.00 -72.00 | 8.00 -39.00 -79.00
-1.00 -90.00 -73.00 | 4.00 -39.00 -79.00
-3.00 -90.00 -74.00 | -1.00 -39.00 -78.00
-7.00 -90.00 -72.00 | -2.00 -39.00 -79.00
-9.00 -90.00 -74.00 | -5.00 -39.00 -80.00
-12.00 -91.00 -74.00 | -9.00 -39.00 -80.00
-13.00 -90.00 -74.00 | -9.00 -38.00 -79.00
-13.00 -90.00 -74.00 | -9.00 -39.00 -80.00
-15.00 -89.00 -74.00 | -14.00 -37.00 -80.00
-19.00 -88.00 -75.00 | -15.00 -37.00 -80.00
-24.00 -87.00 -75.00 | -20.00 -36.00 -81.00
-27.00 -88.00 -74.00 | -24.00 -36.00 -79.00
-28.00 -88.00 -74.00 | -25.00 -36.00 -79.00
-28.00 -88.00 -73.00 | -23.00 -36.00 -78.00
-33.00 -88.00 -71.00 | -28.00 -36.00 -77.00
-36.00 -88.00 -71.00 | -34.00 -36.00 -74.00
-41.00 -87.00 -70.00 | -36.00 -36.00 -73.00
-45.00 -86.00 -65.00 | -41.00 -35.00 -71.00
-47.00 -87.00 -65.00 | -45.00 -35.00 -69.00
-52.00 -86.00 -63.00 | -48.00 -33.00 -67.00
-53.00 -85.00 -62.00 | -51.00 -33.00 -64.00
-56.00 -84.00 -59.00 | -54.00 -33.00 -60.00
-61.00 -85.00 -55.00 | -55.00 -33.00 -58.00
-61.00 -85.00 -52.00 | -57.00 -34.00 -55.00
-62.00 -85.00 -51.00 | -59.00 -34.00 -51.00
-65.00 -85.00 -47.00 | -61.00 -34.00 -48.00
-66.00 -84.00 -45.00 | -61.00 -33.00 -47.00
-67.00 -83.00 -44.00 | -62.00 -33.00 -44.00
-66.00 -85.00 -40.00 | -63.00 -33.00 -40.00
-69.00 -84.00 -34.00 | -64.00 -33.00 -37.00
-70.00 -83.00 -32.00 | -65.00 -33.00 -32.00
-70.00 -83.00 -27.00 | -66.00 -33.00 -26.00
-71.00 -84.00 -22.00 | -66.00 -34.00 -23.00
-71.00 -84.00 -19.00 | -67.00 -34.00 -19.00
-71.00 -84.00 -16.00 | -65.00 -35.00 -15.00
-72.00 -82.00 -12.00 | -67.00 -33.00 -10.00
-72.00 -83.00 -9.00 | -66.00 -33.00 -9.00
-70.00 -82.00 -7.00 | -66.00 -34.00 -6.00
-70.00 -83.00 -3.00 | -64.00 -33.00 -2.00
-69.00 -83.00 1.00 | -63.00 -33.00 1.00
-69.00 -82.00 3.00 | -62.00 -33.00 5.00
-66.00 -82.00 7.00 | -61.00 -33.00 10.00
-66.00 -82.00 10.00 | -58.00 -34.00 11.00
-64.00 -83.00 12.00 | -56.00 -33.00 13.00
-61.00 -83.00 15.00 | -54.00 -35.00 16.00
-60.00 -83.00 16.00 | -53.00 -35.00 18.00
-57.00 -83.00 21.00 | -49.00 -35.00 23.00
-54.00 -83.00 25.00 | -45.00 -35.00 26.00
-51.00 -83.00 27.00 | -42.00 -36.00 28.00
-50.00 -84.00 27.00 | -41.00 -36.00 29.00
-46.00 -84.00 28.00 | -37.00 -37.00 30.00
-42.00 -84.00 31.00 | -35.00 -36.00 31.00
-42.00 -84.00 32.00 | -33.00 -36.00 33.00
-37.00 -84.00 33.00 | -29.00 -37.00 34.00
-33.00 -85.00 34.00 | -25.00 -37.00 36.00
-32.00 -84.00 36.00 | -23.00 -37.00 36.00
-25.00 -85.00 37.00 | -16.00 -39.00 37.00
-23.00 -84.00 39.00 | -15.00 -36.00 39.00
-22.00 -83.00 40.00 | -13.00 -36.00 40.00
-16.00 -83.00 41.00 | -7.00 -36.00 41.00
-12.00 -84.00 41.00 | -3.00 -37.00 43.00
-11.00 -83.00 41.00 | 0.00 -36.00 42.00
-6.00 -82.00 42.00 | 3.00 -35.00 43.00
-1.00 -82.00 42.00 | 8.00 -36.00 42.00
0.00 -83.00 41.00 | 12.00 -37.00 39.00
5.00 -84.00 39.00 | 14.00 -37.00 39.00
8.00 -84.00 36.00 | 18.00 -38.00 38.00
10.00 -85.00 36.00 | 23.00 -38.00 34.00
16.00 -85.00 33.00 | 26.00 -39.00 33.00
20.00 -85.00 32.00 | 30.00 -38.00 31.00
22.00 -84.00 31.00 | 34.00 -38.00 28.00
25.00 -85.00 26.00 | 35.00 -39.00 26.00
27.00 -87.00 23.00 | 37.00 -41.00 22.00
30.00 -87.00 21.00 | 39.00 -41.00 19.00
31.00 -87.00 19.00 | 42.00 -40.00 15.00
33.00 -87.00 14.00 | 43.00 -40.00 13.00
35.00 -89.00 12.00 | 44.00 -41.00 9.00
36.00 -88.00 11.00 | 46.00 -41.00 5.00
39.00 -89.00 6.00 | 48.00 -42.00 4.00
39.00 -88.00 4.00 | 48.00 -41.00 1.00
40.00 -89.00 2.00 | 50.00 -41.00 -3.00
41.00 -89.00 -2.00 | 50.00 -42.00 -5.00
41.00 -90.00 -4.00 | 51.00 -42.00 -9.00
42.00 -89.00 -8.00 | 52.00 -42.00 -14.00
44.00 -90.00 -11.00 | 53.00 -42.00 -15.00
44.00 -89.00 -15.00 | 52.00 -42.00 -19.00
44.00 -89.00 -17.00 | 53.00 -40.00 -24.00
44.00 -90.00 -20.00 | 52.00 -41.00 -28.00
42.00 -90.00 -26.00 | 52.00 -41.00 -31.00
41.00 -90.00 -29.00 | 51.00 -41.00 -35.00
42.00 -91.00 -32.00 | 49.00 -42.00 -41.00
39.00 -90.00 -38.00 | 47.00 -41.00 -44.00
38.00 -91.00 -40.00 | 45.00 -41.00 -49.00
36.00 -91.00 -43.00 | 44.00 -41.00 -49.00
37.00 -91.00 -44.00 | 44.00 -41.00 -51.00
35.00 -90.00 -46.00 | 41.00 -41.00 -55.00
32.00 -91.00 -50.00 | 40.00 -42.00 -57.00
31.00 -92.00 -52.00 | 38.00 -41.00 -60.00
29.00 -92.00 -54.00 | 36.00 -41.00 -61.00
28.00 -91.00 -56.00 | 34.00 -41.00 -64.00
26.00 -90.00 -59.00 | 32.00 -41.00 -66.00
25.00 -91.00 -59.00 | 30.00 -40.00 -68.00
24.00 -91.00 -62.00 | 29.00 -39.00 -70.00
22.00 -91.00 -62.00 | 26.00 -40.00 -71.00
21.00 -91.00 -64.00 | 26.00 -40.00 -72.00
20.00 -91.00 -64.00 | 24.00 -40.00 -72.00
20.00 -91.00 -65.00 | 24.00 -40.00 -71.00


13.00 -100.00 -62.00 | 18.00 -50.00 -67.00
15.00 -98.00 -62.00 | 23.00 -47.00 -68.00
15.00 -99.00 -62.00 | 23.00 -49.00 -68.00
17.00 -98.00 -63.00 | 23.00 -49.00 -67.00
17.00 -98.00 -63.00 | 24.00 -47.00 -68.00
16.00 -99.00 -63.00 | 23.00 -46.00 -70.00
12.00 -98.00 -68.00 | 20.00 -46.00 -72.00
10.00 -97.00 -69.00 | 17.00 -45.00 -75.00
9.00 -96.00 -71.00 | 16.00 -45.00 -77.00
5.00 -96.00 -73.00 | 13.00 -46.00 -77.00
0.00 -96.00 -71.00 | 4.00 -45.00 -78.00
-6.00 -97.00 -72.00 | 0.00 -46.00 -79.00
-5.00 -96.00 -73.00 | 0.00 -45.00 -80.00
-8.00 -96.00 -74.00 | -1.00 -45.00 -80.00
-10.00 -96.00 -73.00 | -4.00 -45.00 -79.00
-17.00 -95.00 -74.00 | -12.00 -44.00 -79.00
-18.00 -95.00 -74.00 | -14.00 -44.00 -79.00
-15.00 -96.00 -75.00 | -11.00 -45.00 -79.00
-18.00 -95.00 -75.00 | -13.00 -44.00 -80.00
-23.00 -95.00 -74.00 | -16.00 -44.00 -79.00
-24.00 -95.00 -73.00 | -20.00 -44.00 -79.00
-27.00 -95.00 -73.00 | -22.00 -43.00 -78.00
-28.00 -94.00 -73.00 | -24.00 -43.00 -78.00
-33.00 -94.00 -73.00 | -29.00 -41.00 -78.00
-36.00 -93.00 -72.00 | -32.00 -42.00 -76.00
-39.00 -93.00 -69.00 | -36.00 -42.00 -74.00
-42.00 -93.00 -68.00 | -38.00 -42.00 -73.00
-46.00 -93.00 -67.00 | -42.00 -41.00 -69.00
-50.00 -90.00 -65.00 | -46.00 -39.00 -69.00
-51.00 -91.00 -65.00 | -47.00 -39.00 -68.00
-55.00 -90.00 -62.00 | -51.00 -39.00 -66.00
-58.00 -91.00 -60.00 | -54.00 -39.00 -62.00
-60.00 -89.00 -58.00 | -57.00 -39.00 -59.00
-63.00 -89.00 -53.00 | -58.00 -39.00 -56.00
-65.00 -90.00 -49.00 | -61.00 -39.00 -51.00
-66.00 -90.00 -48.00 | -62.00 -39.00 -48.00
-68.00 -89.00 -43.00 | -63.00 -39.00 -43.00
-71.00 -88.00 -36.00 | -66.00 -38.00 -39.00
-71.00 -88.00 -33.00 | -67.00 -39.00 -34.00
-72.00 -88.00 -32.00 | -67.00 -38.00 -32.00
-72.00 -90.00 -28.00 | -66.00 -39.00 -28.00
-73.00 -89.00 -24.00 | -67.00 -39.00 -24.00
-74.00 -88.00 -21.00 | -68.00 -39.00 -22.00
-74.00 -88.00 -16.00 | -68.00 -38.00 -16.00
-75.00 -88.00 -14.00 | -69.00 -38.00 -11.00
-74.00 -87.00 -10.00 | -68.00 -38.00 -8.00
-74.00 -87.00 -6.00 | -68.00 -37.00 -6.00
-73.00 -87.00 -5.00 | -66.00 -37.00 -2.00
-72.00 -87.00 1.00 | -66.00 -37.00 4.00
-70.00 -87.00 5.00 | -65.00 -38.00 5.00
-68.00 -87.00 10.00 | -62.00 -39.00 10.00
-68.00 -87.00 11.00 | -60.00 -39.00 14.00
-66.00 -86.00 15.00 | -59.00 -39.00 16.00
-63.00 -88.00 17.00 | -55.00 -39.00 19.00
-62.00 -88.00 18.00 | -53.00 -39.00 21.00
-60.00 -88.00 21.00 | -51.00 -40.00 23.00
-57.00 -88.00 24.00 | -50.00 -40.00 26.00
-56.00 -86.00 27.00 | -47.00 -39.00 29.00
-53.00 -87.00 28.00 | -46.00 -40.00 30.00
-50.00 -88.00 29.00 | -41.00 -40.00 32.00
-49.00 -89.00 30.00 | -39.00 -40.00 33.00
-46.00 -88.00 32.00 | -36.00 -42.00 34.00
-43.00 -89.00 32.00 | -35.00 -42.00 34.00
-42.00 -89.00 32.00 | -34.00 -42.00 34.00
-40.00 -89.00 34.00 | -31.00 -41.00 36.00
-37.00 -89.00 36.00 | -29.00 -42.00 37.00
-36.00 -89.00 36.00 | -26.00 -42.00 38.00
-31.00 -91.00 38.00 | -22.00 -43.00 39.00
-26.00 -89.00 38.00 | -18.00 -43.00 39.00
-24.00 -90.00 39.00 | -14.00 -43.00 40.00
-21.00 -90.00 39.00 | -11.00 -43.00 41.00
-19.00 -90.00 41.00 | -10.00 -43.00 42.00
-14.00 -89.00 41.00 | -6.00 -43.00 42.00
-11.00 -90.00 41.00 | -1.00 -43.00 41.00
-4.00 -90.00 40.00 | 7.00 -44.00 41.00
0.00 -91.00 40.00 | 9.00 -43.00 41.00
4.00 -90.00 39.00 | 14.00 -43.00 39.00
11.00 -91.00 37.00 | 18.00 -43.00 39.00
13.00 -92.00 35.00 | 23.00 -45.00 35.00
17.00 -92.00 32.00 | 28.00 -44.00 32.00
22.00 -92.00 30.00 | 30.00 -44.00 30.00
23.00 -92.00 29.00 | 33.00 -44.00 29.00
26.00 -91.00 28.00 | 36.00 -44.00 27.00
29.00 -93.00 25.00 | 37.00 -44.00 25.00
30.00 -92.00 24.00 | 40.00 -45.00 22.00
33.00 -92.00 21.00 | 42.00 -44.00 19.00
36.00 -92.00 19.00 | 45.00 -43.00 17.00
40.00 -93.00 14.00 | 49.00 -44.00 12.00
41.00 -93.00 8.00 | 49.00 -45.00 9.00
41.00 -92.00 7.00 | 51.00 -44.00 5.00
44.00 -94.00 3.00 | 55.00 -45.00 -1.00
45.00 -93.00 0.00 | 55.00 -44.00 -3.00
46.00 -93.00 -6.00 | 55.00 -45.00 -10.00
47.00 -94.00 -12.00 | 57.00 -46.00 -16.00
48.00 -94.00 -14.00 | 56.00 -45.00 -19.00
47.00 -95.00 -21.00 | 56.00 -46.00 -25.00
49.00 -94.00 -24.00 | 57.00 -45.00 -30.00
47.00 -94.00 -27.00 | 55.00 -45.00 -33.00
46.00 -94.00 -33.00 | 55.00 -45.00 -37.00
44.00 -95.00 -35.00 | 53.00 -45.00 -40.00
42.00 -95.00 -41.00 | 51.00 -45.00 -46.00
40.00 -96.00 -44.00 | 48.00 -46.00 -51.00
39.00 -95.00 -47.00 | 47.00 -47.00 -53.00
37.00 -95.00 -50.00 | 45.00 -46.00 -56.00
35.00 -95.00 -54.00 | 41.00 -46.00 -60.00
34.00 -96.00 -55.00 | 40.00 -45.00 -61.00
31.00 -97.00 -57.00 | 38.00 -46.00 -64.00
29.00 -96.00 -59.00 | 33.00 -46.00 -67.00
24.00 -96.00 -61.00 | 32.00 -46.00 -67.00
23.00 -97.00 -63.00 | 28.00 -46.00 -71.00
18.00 -96.00 -65.00 | 24.00 -46.00 -71.00
18.00 -97.00 -66.00 | 25.00 -46.00 -73.00
18.00 -96.00 -66.00 | 25.00 -46.00 -72.00
18.00 -97.00 -64.00 | 25.00 -46.00 -71.00
20.00 -97.00 -63.00 | 27.00 -46.00 -70.00
22.00 -97.00 -62.00 | 28.00 -47.00 -68.00
25.00 -97.00 -60.00 | 31.00 -46.00 -67.00
33.00 -96.00 -53.00 | 39.00 -46.00 -60.00
38.00 -97.00 -46.00 | 51.00 -45.00 -45.00
46.00 -95.00 -27.00 | 56.00 -45.00 -34.00


19.00 -98.00 -64.00 | 26.00 -47.00 -70.00
17.00 -98.00 -66.00 | 24.00 -46.00 -73.00
16.00 -99.00 -65.00 | 22.00 -47.00 -72.00
19.00 -99.00 -64.00 | 27.00 -47.00 -70.00
21.00 -98.00 -65.00 | 28.00 -47.00 -71.00
19.00 -98.00 -66.00 | 26.00 -46.00 -74.00
12.00 -98.00 -69.00 | 18.00 -46.00 -75.00
11.00 -98.00 -70.00 | 18.00 -45.00 -76.00
7.00 -98.00 -71.00 | 13.00 -45.00 -79.00
0.00 -98.00 -73.00 | 6.00 -46.00 -79.00
-2.00 -98.00 -74.00 | 4.00 -46.00 -80.00
-8.00 -97.00 -73.00 | -2.00 -45.00 -80.00
-13.00 -97.00 -75.00 | -8.00 -46.00 -80.00
-16.00 -96.00 -73.00 | -11.00 -45.00 -80.00
-18.00 -96.00 -74.00 | -16.00 -44.00 -80.00
-22.00 -96.00 -74.00 | -17.00 -44.00 -79.00
-26.00 -97.00 -73.00 | -22.00 -44.00 -79.00
-29.00 -95.00 -73.00 | -27.00 -43.00 -79.00
-34.00 -95.00 -73.00 | -29.00 -42.00 -77.00
-39.00 -94.00 -71.00 | -34.00 -43.00 -77.00
-40.00 -94.00 -70.00 | -38.00 -41.00 -75.00
-44.00 -93.00 -69.00 | -40.00 -41.00 -74.00
-44.00 -94.00 -68.00 | -41.00 -41.00 -73.00
-45.00 -93.00 -67.00 | -42.00 -41.00 -71.00
-47.00 -94.00 -65.00 | -44.00 -42.00 -69.00
-50.00 -94.00 -63.00 | -45.00 -42.00 -67.00
-53.00 -93.00 -60.00 | -49.00 -41.00 -64.00
-54.00 -93.00 -59.00 | -53.00 -41.00 -61.00
-57.00 -92.00 -56.00 | -54.00 -41.00 -60.00
-58.00 -93.00 -53.00 | -53.00 -42.00 -57.00
-59.00 -93.00 -52.00 | -56.00 -42.00 -54.00
-63.00 -92.00 -50.00 | -58.00 -41.00 -52.00
-64.00 -92.00 -49.00 | -59.00 -41.00 -50.00
-65.00 -92.00 -46.00 | -62.00 -41.00 -48.00
-68.00 -90.00 -43.00 | -63.00 -40.00 -46.00
-68.00 -90.00 -41.00 | -65.00 -40.00 -43.00
-70.00 -91.00 -38.00 | -65.00 -40.00 -40.00
-73.00 -89.00 -36.00 | -67.00 -39.00 -36.00
-73.00 -89.00 -32.00 | -68.00 -40.00 -33.00
-74.00 -88.00 -30.00 | -69.00 -39.00 -31.00
-76.00 -87.00 -27.00 | -70.00 -38.00 -27.00
-76.00 -87.00 -23.00 | -71.00 -38.00 -24.00
-76.00 -86.00 -19.00 | -71.00 -38.00 -19.00
-76.00 -87.00 -15.00 | -69.00 -39.00 -14.00
-75.00 -86.00 -10.00 | -69.00 -39.00 -11.00
-75.00 -86.00 -6.00 | -68.00 -39.00 -5.00
-73.00 -88.00 -2.00 | -67.00 -39.00 -1.00
-72.00 -87.00 2.00 | -65.00 -40.00 3.00
-71.00 -88.00 5.00 | -63.00 -40.00 5.00
-70.00 -88.00 7.00 | -63.00 -40.00 7.00
-68.00 -87.00 10.00 | -61.00 -39.00 12.00
-66.00 -88.00 14.00 | -60.00 -40.00 14.00
-64.00 -88.00 15.00 | -57.00 -41.00 16.00
-63.00 -88.00 18.00 | -53.00 -42.00 18.00
-60.00 -88.00 20.00 | -53.00 -41.00 21.00
-57.00 -89.00 21.00 | -49.00 -42.00 23.00
-56.00 -89.00 24.00 | -48.00 -42.00 24.00
-55.00 -89.00 24.00 | -47.00 -43.00 26.00
-53.00 -89.00 27.00 | -44.00 -42.00 28.00
-52.00 -89.00 29.00 | -43.00 -43.00 28.00
-51.00 -89.00 30.00 | -42.00 -42.00 30.00
-49.00 -89.00 31.00 | -41.00 -42.00 32.00
-48.00 -88.00 32.00 | -39.00 -43.00 32.00
-45.00 -89.00 33.00 | -37.00 -42.00 33.00
-45.00 -89.00 33.00 | -36.00 -43.00 34.00
-41.00 -89.00 36.00 | -33.00 -42.00 36.00
-38.00 -88.00 38.00 | -30.00 -43.00 39.00
-38.00 -89.00 39.00 | -28.00 -42.00 39.00
-39.00 -86.00 39.00 | -31.00 -40.00 41.00
-37.00 -87.00 41.00 | -29.00 -41.00 41.00
-33.00 -88.00 39.00 | -24.00 -42.00 41.00
-29.00 -88.00 41.00 | -21.00 -43.00 42.00
-26.00 -88.00 43.00 | -18.00 -42.00 43.00
-25.00 -88.00 44.00 | -15.00 -42.00 44.00
-20.00 -88.00 44.00 | -11.00 -43.00 45.00
-15.00 -88.00 45.00 | -6.00 -42.00 46.00
-14.00 -88.00 45.00 | -4.00 -41.00 46.00
-7.00 -88.00 46.00 | 1.00 -42.00 46.00
-4.00 -89.00 45.00 | 6.00 -41.00 45.00
-2.00 -88.00 45.00 | 7.00 -41.00 45.00
4.00 -89.00 43.00 | 13.00 -42.00 44.00
8.00 -90.00 40.00 | 16.00 -43.00 40.00
10.00 -91.00 38.00 | 19.00 -44.00 39.00
16.00 -91.00 36.00 | 26.00 -44.00 35.00
19.00 -92.00 33.00 | 30.00 -46.00 29.00
23.00 -94.00 29.00 | 34.00 -46.00 27.00
27.00 -94.00 26.00 | 34.00 -45.00 24.00
27.00 -93.00 25.00 | 37.00 -46.00 25.00
30.00 -94.00 24.00 | 39.00 -45.00 22.00
31.00 -93.00 23.00 | 40.00 -46.00 22.00
35.00 -93.00 21.00 | 43.00 -46.00 18.00
37.00 -94.00 19.00 | 47.00 -44.00 15.00
40.00 -92.00 16.00 | 49.00 -44.00 14.00
40.00 -93.00 12.00 | 49.00 -46.00 11.00
42.00 -93.00 10.00 | 53.00 -44.00 5.00
45.00 -94.00 4.00 | 55.00 -45.00 3.00
45.00 -95.00 2.00 | 56.00 -45.00 -1.00
47.00 -93.00 0.00 | 58.00 -44.00 -5.00
49.00 -93.00 -2.00 | 58.00 -44.00 -5.00
49.00 -93.00 -3.00 | 59.00 -44.00 -7.00
50.00 -93.00 -6.00 | 60.00 -44.00 -11.00
50.00 -93.00 -11.00 | 59.00 -44.00 -17.00
50.00 -95.00 -16.00 | 59.00 -44.00 -19.00
49.00 -95.00 -19.00 | 59.00 -45.00 -25.00
49.00 -96.00 -25.00 | 57.00 -45.00 -31.00
48.00 -95.00 -29.00 | 58.00 -44.00 -34.00
47.00 -95.00 -33.00 | 56.00 -45.00 -39.00
46.00 -96.00 -36.00 | 56.00 -45.00 -41.00
44.00 -96.00 -38.00 | 54.00 -45.00 -45.00
43.00 -96.00 -42.00 | 51.00 -45.00 -48.00
40.00 -98.00 -45.00 | 48.00 -46.00 -51.00
38.00 -99.00 -47.00 | 47.00 -46.00 -54.00
35.00 -99.00 -49.00 | 42.00 -48.00 -54.00
33.00 -99.00 -50.00 | 39.00 -48.00 -57.00
30.00 -99.00 -53.00 | 37.00 -48.00 -59.00
28.00 -99.00 -54.00 | 35.00 -48.00 -62.00
28.00 -100.00 -56.00 | 32.00 -47.00 -64.00
26.00 -99.00 -59.00 | 31.00 -48.00 -66.00
23.00 -99.00 -60.00 | 29.00 -47.00 -69.00
21.00 -98.00 -63.00 | 25.00 -47.00 -71.00


23.00 -100.00 -65.00 | 30.00 -48.00 -74.00
20.00 -100.00 -64.00 | 28.00 -49.00 -71.00
20.00 -101.00 -64.00 | 27.00 -49.00 -72.00
24.00 -99.00 -65.00 | 31.00 -47.00 -73.00
23.00 -98.00 -66.00 | 30.00 -47.00 -74.00
21.00 -98.00 -69.00 | 27.00 -47.00 -77.00
10.00 -98.00 -74.00 | 17.00 -46.00 -83.00
5.00 -97.00 -80.00 | 11.00 -44.00 -87.00
2.00 -95.00 -79.00 | 8.00 -44.00 -89.00
-2.00 -95.00 -81.00 | 4.00 -43.00 -90.00
-7.00 -95.00 -80.00 | -1.00 -43.00 -89.00
-8.00 -96.00 -81.00 | -3.00 -44.00 -89.00
-12.00 -95.00 -81.00 | -10.00 -43.00 -89.00
-16.00 -95.00 -81.00 | -10.00 -44.00 -89.00
-19.00 -95.00 -81.00 | -14.00 -43.00 -88.00
-21.00 -95.00 -80.00 | -21.00 -44.00 -87.00
-27.00 -94.00 -79.00 | -22.00 -43.00 -86.00
-30.00 -94.00 -79.00 | -26.00 -43.00 -86.00
-32.00 -94.00 -78.00 | -29.00 -42.00 -86.00
-36.00 -92.00 -78.00 | -32.00 -41.00 -84.00
-41.00 -91.00 -78.00 | -38.00 -40.00 -84.00
-43.00 -91.00 -77.00 | -41.00 -40.00 -82.00
-46.00 -91.00 -76.00 | -43.00 -39.00 -81.00
-52.00 -90.00 -74.00 | -48.00 -39.00 -79.00
-56.00 -89.00 -72.00 | -52.00 -39.00 -76.00
-58.00 -90.00 -69.00 | -57.00 -39.00 -70.00
-63.00 -89.00 -62.00 | -59.00 -39.00 -67.00
-65.00 -90.00 -56.00 | -62.00 -39.00 -60.00
-68.00 -90.00 -54.00 | -65.00 -40.00 -56.00
-69.00 -91.00 -50.00 | -65.00 -40.00 -54.00
-69.00 -90.00 -50.00 | -67.00 -40.00 -50.00
-73.00 -89.00 -43.00 | -68.00 -40.00 -45.00
-74.00 -90.00 -40.00 | -68.00 -41.00 -42.00
-75.00 -90.00 -38.00 | -72.00 -39.00 -38.00
-77.00 -90.00 -33.00 | -71.00 -40.00 -34.00
-77.00 -90.00 -28.00 | -73.00 -40.00 -27.00
-78.00 -89.00 -22.00 | -73.00 -41.00 -24.00
-79.00 -89.00 -19.00 | -72.00 -41.00 -18.00
-78.00 -88.00 -14.00 | -72.00 -41.00 -15.00
-79.00 -88.00 -9.00 | -72.00 -39.00 -10.00
-78.00 -88.00 -6.00 | -71.00 -40.00 -5.00
-77.00 -88.00 -1.00 | -70.00 -41.00 -2.00
-74.00 -89.00 3.00 | -67.00 -40.00 3.00
-74.00 -89.00 5.00 | -65.00 -41.00 6.00
-71.00 -90.00 7.00 | -66.00 -42.00 7.00
-72.00 -90.00 11.00 | -64.00 -41.00 10.00
-69.00 -89.00 12.00 | -62.00 -41.00 13.00
-69.00 -90.00 14.00 | -61.00 -42.00 15.00
-67.00 -90.00 16.00 | -58.00 -42.00 15.00
-66.00 -89.00 17.00 | -58.00 -42.00 17.00
-65.00 -90.00 18.00 | -56.00 -43.00 19.00
-63.00 -90.00 19.00 | -56.00 -43.00 19.00
-63.00 -90.00 20.00 | -55.00 -43.00 20.00
-62.00 -90.00 21.00 | -53.00 -43.00 21.00
-60.00 -90.00 22.00 | -53.00 -43.00 22.00
-60.00 -91.00 23.00 | -52.00 -44.00 23.00
-60.00 -91.00 23.00 | -50.00 -44.00 24.00
-58.00 -91.00 25.00 | -49.00 -43.00 24.00
-56.00 -92.00 26.00 | -48.00 -44.00 26.00
-56.00 -92.00 28.00 | -47.00 -44.00 26.00
-54.00 -92.00 28.00 | -46.00 -43.00 29.00
-54.00 -91.00 30.00 | -46.00 -44.00 28.00
-53.00 -91.00 30.00 | -45.00 -44.00 29.00
-53.00 -90.00 30.00 | -44.00 -43.00 30.00
-52.00 -91.00 32.00 | -43.00 -43.00 31.00
-51.00 -91.00 31.00 | -41.00 -44.00 31.00
-48.00 -92.00 34.00 | -39.00 -44.00 33.00
-46.00 -91.00 35.00 | -38.00 -44.00 33.00
-45.00 -91.00 36.00 | -37.00 -44.00 36.00
-44.00 -91.00 37.00 | -34.00 -43.00 37.00
-42.00 -91.00 38.00 | -33.00 -44.00 37.00
-38.00 -91.00 38.00 | -29.00 -44.00 39.00
-34.00 -91.00 41.00 | -25.00 -44.00 41.00
-33.00 -90.00 44.00 | -25.00 -42.00 43.00
-32.00 -90.00 44.00 | -24.00 -43.00 44.00
-27.00 -92.00 42.00 | -17.00 -45.00 42.00
-22.00 -93.00 42.00 | -12.00 -47.00 41.00
-19.00 -94.00 42.00 | -10.00 -46.00 42.00
-14.00 -93.00 44.00 | -6.00 -46.00 43.00
-12.00 -92.00 45.00 | -2.00 -45.00 45.00
-10.00 -93.00 45.00 | 0.00 -46.00 44.00
-5.00 -94.00 44.00 | 5.00 -46.00 43.00
1.00 -94.00 44.00 | 10.00 -45.00 43.00
3.00 -93.00 43.00 | 12.00 -45.00 42.00
7.00 -92.00 43.00 | 15.00 -45.00 43.00
11.00 -92.00 41.00 | 20.00 -45.00 42.00
15.00 -93.00 40.00 | 23.00 -45.00 39.00
19.00 -93.00 39.00 | 28.00 -45.00 37.00
22.00 -94.00 36.00 | 30.00 -45.00 35.00
24.00 -93.00 35.00 | 34.00 -46.00 33.00
27.00 -93.00 33.00 | 36.00 -45.00 32.00
30.00 -92.00 32.00 | 38.00 -44.00 31.00
32.00 -92.00 31.00 | 43.00 -45.00 27.00
35.00 -94.00 27.00 | 44.00 -45.00 25.00
37.00 -95.00 24.00 | 46.00 -46.00 21.00
37.00 -94.00 23.00 | 48.00 -46.00 19.00
40.00 -94.00 19.00 | 49.00 -46.00 17.00
42.00 -95.00 15.00 | 51.00 -46.00 14.00
42.00 -95.00 13.00 | 53.00 -46.00 12.00
44.00 -95.00 14.00 | 55.00 -45.00 10.00
44.00 -96.00 10.00 | 55.00 -46.00 9.00
46.00 -95.00 6.00 | 57.00 -46.00 4.00
47.00 -96.00 4.00 | 57.00 -47.00 0.00
49.00 -96.00 -1.00 | 59.00 -46.00 -3.00
49.00 -97.00 -4.00 | 58.00 -47.00 -8.00
50.00 -96.00 -7.00 | 61.00 -46.00 -13.00
50.00 -97.00 -13.00 | 60.00 -47.00 -16.00
50.00 -97.00 -15.00 | 60.00 -47.00 -22.00
50.00 -97.00 -21.00 | 60.00 -47.00 -27.00
48.00 -99.00 -26.00 | 59.00 -47.00 -30.00
48.00 -98.00 -27.00 | 59.00 -48.00 -33.00
47.00 -98.00 -29.00 | 57.00 -46.00 -36.00
47.00 -98.00 -32.00 | 58.00 -48.00 -36.00
47.00 -98.00 -35.00 | 55.00 -48.00 -40.00
46.00 -98.00 -37.00 | 55.00 -48.00 -44.00
44.00 -98.00 -41.00 | 55.00 -48.00 -47.00
43.00 -99.00 -43.00 | 53.00 -47.00 -50.00
43.00 -98.00 -45.00 | 52.00 -46.00 -54.00
40.00 -97.00 -48.00 | 51.00 -47.00 -55.00
40.00 -98.00 -49.00 | 49.00 -47.00 -58.00


22.00 -103.00 -61.00 | 29.00 -50.00 -67.00
20.00 -102.00 -64.00 | 30.00 -49.00 -71.00
22.00 -100.00 -66.00 | 31.00 -47.00 -72.00
21.00 -101.00 -65.00 | 30.00 -49.00 -69.00
24.00 -102.00 -63.00 | 34.00 -48.00 -69.00
24.00 -101.00 -63.00 | 35.00 -48.00 -69.00
23.00 -101.00 -65.00 | 31.00 -49.00 -71.00
17.00 -101.00 -68.00 | 25.00 -48.00 -75.00
13.00 -99.00 -72.00 | 25.00 -48.00 -77.00
11.00 -100.00 -72.00 | 20.00 -47.00 -78.00
6.00 -100.00 -73.00 | 15.00 -48.00 -79.00
3.00 -101.00 -75.00 | 14.00 -48.00 -80.00
0.00 -100.00 -75.00 | 9.00 -47.00 -82.00
-5.00 -100.00 -76.00 | 8.00 -49.00 -81.00
-6.00 -100.00 -76.00 | 4.00 -47.00 -81.00
-9.00 -99.00 -77.00 | 0.00 -47.00 -82.00
-11.00 -99.00 -77.00 | -1.00 -45.00 -84.00
-14.00 -98.00 -79.00 | -4.00 -46.00 -84.00
-16.00 -98.00 -79.00 | -7.00 -46.00 -84.00
-18.00 -99.00 -78.00 | -8.00 -47.00 -84.00
-24.00 -98.00 -78.00 | -14.00 -47.00 -84.00
-31.00 -96.00 -76.00 | -20.00 -46.00 -82.00
-33.00 -97.00 -75.00 | -22.00 -45.00 -82.00
-36.00 -96.00 -74.00 | -25.00 -45.00 -82.00
-39.00 -95.00 -73.00 | -28.00 -46.00 -81.00
-44.00 -95.00 -72.00 | -34.00 -45.00 -79.00
-47.00 -94.00 -71.00 | -37.00 -44.00 -79.00
-49.00 -93.00 -72.00 | -39.00 -44.00 -78.00
-54.00 -93.00 -67.00 | -44.00 -43.00 -75.00
-56.00 -92.00 -65.00 | -46.00 -42.00 -73.00
-60.00 -92.00 -62.00 | -51.00 -43.00 -68.00
-63.00 -92.00 -58.00 | -53.00 -42.00 -66.00
-63.00 -92.00 -57.00 | -54.00 -42.00 -65.00
-63.00 -92.00 -56.00 | -55.00 -43.00 -63.00
-65.00 -91.00 -54.00 | -59.00 -42.00 -60.00
-68.00 -91.00 -51.00 | -60.00 -42.00 -59.00
-71.00 -90.00 -50.00 | -62.00 -42.00 -56.00
-72.00 -90.00 -45.00 | -65.00 -41.00 -52.00
-73.00 -89.00 -42.00 | -66.00 -42.00 -47.00
-75.00 -90.00 -38.00 | -68.00 -40.00 -45.00
-77.00 -89.00 -35.00 | -70.00 -42.00 -41.00
-77.00 -89.00 -33.00 | -71.00 -41.00 -38.00
-77.00 -88.00 -31.00 | -71.00 -41.00 -36.00
-80.00 -87.00 -27.00 | -73.00 -40.00 -32.00
-80.00 -87.00 -25.00 | -73.00 -40.00 -30.00
-80.00 -86.00 -21.00 | -74.00 -40.00 -27.00
-80.00 -86.00 -17.00 | -76.00 -39.00 -20.00
-81.00 -86.00 -15.00 | -74.00 -40.00 -16.00
-81.00 -86.00 -10.00 | -75.00 -39.00 -13.00
-81.00 -85.00 -7.00 | -75.00 -39.00 -8.00
-80.00 -85.00 -5.00 | -74.00 -39.00 -4.00
-80.00 -85.00 -1.00 | -73.00 -39.00 -3.00
-78.00 -85.00 4.00 | -72.00 -39.00 2.00
-77.00 -85.00 6.00 | -71.00 -40.00 5.00
-76.00 -85.00 8.00 | -70.00 -39.00 7.00
-74.00 -85.00 13.00 | -67.00 -40.00 13.00
-73.00 -85.00 14.00 | -64.00 -40.00 16.00
-69.00 -86.00 19.00 | -63.00 -41.00 19.00
-66.00 -86.00 22.00 | -59.00 -41.00 23.00
-65.00 -86.00 24.00 | -57.00 -41.00 26.00
-64.00 -87.00 25.00 | -55.00 -41.00 27.00
-61.00 -87.00 27.00 | -53.00 -41.00 29.00
-59.00 -87.00 29.00 | -52.00 -42.00 30.00
-59.00 -87.00 30.00 | -49.00 -42.00 32.00
-57.00 -87.00 31.00 | -49.00 -41.00 33.00
-56.00 -86.00 33.00 | -47.00 -41.00 36.00
-55.00 -86.00 34.00 | -44.00 -42.00 37.00
-52.00 -87.00 36.00 | -42.00 -41.00 37.00
-50.00 -86.00 37.00 | -39.00 -41.00 40.00
-48.00 -86.00 39.00 | -36.00 -41.00 42.00
-45.00 -87.00 41.00 | -34.00 -42.00 43.00
-43.00 -88.00 41.00 | -30.00 -42.00 44.00
-37.00 -89.00 41.00 | -24.00 -44.00 43.00
-31.00 -89.00 42.00 | -17.00 -44.00 44.00
-28.00 -90.00 44.00 | -16.00 -45.00 45.00
-26.00 -89.00 45.00 | -12.00 -44.00 47.00
-22.00 -90.00 45.00 | -7.00 -44.00 47.00
-16.00 -91.00 45.00 | -5.00 -44.00 46.00
-14.00 -92.00 45.00 | 1.00 -45.00 46.00
-8.00 -91.00 45.00 | 7.00 -45.00 46.00
-3.00 -91.00 46.00 | 9.00 -44.00 44.00
-1.00 -92.00 45.00 | 14.00 -45.00 44.00
3.00 -92.00 43.00 | 18.00 -45.00 41.00
8.00 -93.00 42.00 | 20.00 -46.00 41.00
9.00 -92.00 43.00 | 25.00 -45.00 39.00
13.00 -93.00 40.00 | 29.00 -44.00 37.00
19.00 -92.00 38.00 | 32.00 -45.00 34.00
20.00 -93.00 38.00 | 35.00 -45.00 33.00
22.00 -94.00 36.00 | 37.00 -45.00 31.00
26.00 -95.00 32.00 | 40.00 -46.00 26.00
29.00 -96.00 30.00 | 43.00 -47.00 24.00
31.00 -96.00 27.00 | 45.00 -46.00 22.00
34.00 -95.00 25.00 | 48.00 -47.00 19.00
35.00 -95.00 24.00 | 48.00 -46.00 18.00
37.00 -95.00 21.00 | 51.00 -46.00 15.00
40.00 -96.00 18.00 | 52.00 -47.00 10.00
41.00 -97.00 13.00 | 54.00 -47.00 8.00
44.00 -98.00 9.00 | 56.00 -47.00 2.00
47.00 -96.00 6.00 | 59.00 -46.00 0.00
47.00 -97.00 1.00 | 60.00 -47.00 -7.00
49.00 -97.00 -1.00 | 60.00 -46.00 -8.00
49.00 -98.00 -6.00 | 60.00 -47.00 -13.00
49.00 -98.00 -9.00 | 59.00 -48.00 -17.00
49.00 -101.00 -15.00 | 58.00 -46.00 -21.00
49.00 -100.00 -20.00 | 59.00 -47.00 -27.00
49.00 -100.00 -21.00 | 59.00 -47.00 -31.00
48.00 -100.00 -26.00 | 59.00 -46.00 -32.00
48.00 -100.00 -27.00 | 57.00 -47.00 -34.00
47.00 -101.00 -28.00 | 56.00 -47.00 -35.00
46.00 -101.00 -31.00 | 56.00 -47.00 -39.00
45.00 -101.00 -36.00 | 55.00 -48.00 -41.00
45.00 -100.00 -40.00 | 53.00 -47.00 -47.00
44.00 -100.00 -42.00 | 52.00 -47.00 -51.00
42.00 -100.00 -46.00 | 52.00 -47.00 -52.00
39.00 -100.00 -51.00 | 48.00 -46.00 -56.00
38.00 -100.00 -52.00 | 46.00 -47.00 -60.00
35.00 -100.00 -56.00 | 45.00 -47.00 -61.00
33.00 -101.00 -58.00 | 42.00 -48.00 -63.00
32.00 -101.00 -60.00 | 39.00 -47.00 -65.00
29.00 -101.00 -61.00 | 38.00 -48.00 -67.00

