18.00 -114.00 -62.00 | 41.00 -58.00 -69.00
13.00 -114.00 -61.00 | 36.00 -59.00 -69.00
9.00 -115.00 -64.00 | 34.00 -58.00 -71.00
7.00 -115.00 -67.00 | 31.00 -58.00 -73.00
2.00 -119.00 -66.00 | 22.00 -59.00 -76.00
0.00 -125.00 -64.00 | 21.00 -59.00 -77.00
5.00 -131.00 -60.00 | 17.00 -59.00 -79.00
9.00 -130.00 -60.00 | 18.00 -59.00 -78.00
13.00 -127.00 -55.00 | 22.00 -58.00 -79.00
15.00 -126.00 -55.00 | 18.00 -58.00 -81.00
20.00 -117.00 -67.00 | 13.00 -57.00 -84.00
25.00 -108.00 -73.00 | 19.00 -53.00 -87.00
25.00 -105.00 -75.00 | 20.00 -53.00 -89.00
24.00 -100.00 -82.00 | 19.00 -51.00 -92.00
22.00 -95.00 -93.00 | 16.00 -51.00 -94.00
-1.00 -89.00 -111.00 | 1.00 -51.00 -94.00
-12.00 -87.00 -112.00 | -9.00 -53.00 -94.00
-15.00 -86.00 -111.00 | -7.00 -53.00 -93.00
-24.00 -86.00 -108.00 | -9.00 -54.00 -90.00
-28.00 -87.00 -106.00 | -11.00 -56.00 -85.00
-35.00 -90.00 -101.00 | -12.00 -58.00 -83.00
-37.00 -92.00 -98.00 | -13.00 -60.00 -80.00
-39.00 -94.00 -94.00 | -13.00 -59.00 -79.00
-41.00 -95.00 -93.00 | -14.00 -59.00 -79.00
-41.00 -94.00 -94.00 | -15.00 -59.00 -80.00
-43.00 -94.00 -91.00 | -17.00 -58.00 -79.00
-46.00 -96.00 -87.00 | -23.00 -60.00 -76.00
-52.00 -97.00 -81.00 | -27.00 -60.00 -73.00
-53.00 -97.00 -81.00 | -32.00 -59.00 -70.00
-57.00 -97.00 -77.00 | -38.00 -59.00 -67.00
-60.00 -98.00 -72.00 | -40.00 -59.00 -65.00
-61.00 -98.00 -70.00 | -41.00 -60.00 -61.00
-65.00 -99.00 -68.00 | -43.00 -60.00 -59.00
-66.00 -98.00 -66.00 | -46.00 -59.00 -59.00
-70.00 -96.00 -65.00 | -50.00 -58.00 -56.00
-74.00 -95.00 -63.00 | -55.00 -56.00 -54.00
-75.00 -94.00 -64.00 | -58.00 -56.00 -54.00
-76.00 -94.00 -62.00 | -58.00 -55.00 -52.00
-79.00 -93.00 -58.00 | -61.00 -56.00 -48.00
-81.00 -92.00 -53.00 | -62.00 -55.00 -45.00
-81.00 -95.00 -50.00 | -63.00 -56.00 -38.00
-83.00 -95.00 -46.00 | -65.00 -54.00 -35.00
-84.00 -94.00 -45.00 | -65.00 -55.00 -33.00
-84.00 -95.00 -41.00 | -66.00 -55.00 -29.00
-85.00 -96.00 -37.00 | -65.00 -56.00 -26.00
-86.00 -95.00 -35.00 | -65.00 -56.00 -23.00
-86.00 -95.00 -31.00 | -64.00 -56.00 -19.00
-86.00 -95.00 -26.00 | -66.00 -54.00 -14.00
-89.00 -94.00 -23.00 | -67.00 -54.00 -10.00
-89.00 -93.00 -18.00 | -68.00 -52.00 -5.00
-89.00 -93.00 -16.00 | -68.00 -52.00 -3.00
-90.00 -92.00 -14.00 | -68.00 -52.00 -1.00
-87.00 -94.00 -10.00 | -65.00 -53.00 2.00
-86.00 -95.00 -8.00 | -64.00 -54.00 5.00
-89.00 -91.00 -5.00 | -68.00 -50.00 9.00
-89.00 -90.00 2.00 | -66.00 -49.00 15.00
-87.00 -90.00 11.00 | -63.00 -48.00 22.00
-86.00 -89.00 15.00 | -62.00 -46.00 27.00
-83.00 -89.00 21.00 | -59.00 -46.00 31.00
-80.00 -90.00 25.00 | -54.00 -46.00 35.00
-78.00 -91.00 27.00 | -53.00 -46.00 36.00
-72.00 -91.00 29.00 | -49.00 -48.00 38.00
-72.00 -91.00 32.00 | -48.00 -46.00 41.00
-70.00 -91.00 35.00 | -48.00 -45.00 43.00
-68.00 -89.00 38.00 | -47.00 -44.00 46.00
-64.00 -91.00 40.00 | -44.00 -44.00 48.00
-62.00 -91.00 41.00 | -43.00 -44.00 51.00
-57.00 -93.00 43.00 | -39.00 -42.00 54.00
-53.00 -94.00 45.00 | -35.00 -42.00 57.00
-50.00 -94.00 45.00 | -33.00 -41.00 59.00
-46.00 -95.00 47.00 | -28.00 -39.00 64.00
-44.00 -95.00 47.00 | -19.00 -36.00 68.00
-39.00 -95.00 51.00 | -14.00 -36.00 71.00
-30.00 -95.00 53.00 | -1.00 -35.00 71.00
-26.00 -95.00 55.00 | 6.00 -35.00 71.00
-24.00 -95.00 55.00 | 9.00 -35.00 71.00
-18.00 -97.00 53.00 | 17.00 -37.00 67.00
-15.00 -98.00 52.00 | 23.00 -39.00 64.00
-11.00 -100.00 50.00 | 26.00 -40.00 61.00
-4.00 -102.00 48.00 | 32.00 -43.00 57.00
-1.00 -102.00 46.00 | 37.00 -46.00 51.00
3.00 -106.00 40.00 | 40.00 -47.00 46.00
5.00 -107.00 36.00 | 43.00 -51.00 41.00
7.00 -108.00 35.00 | 46.00 -52.00 35.00
13.00 -109.00 30.00 | 49.00 -53.00 31.00
14.00 -111.00 27.00 | 49.00 -54.00 28.00
18.00 -111.00 25.00 | 52.00 -54.00 23.00
23.00 -111.00 21.00 | 57.00 -54.00 18.00
26.00 -111.00 19.00 | 58.00 -54.00 16.00
26.00 -112.00 15.00 | 58.00 -54.00 13.00
28.00 -111.00 13.00 | 60.00 -54.00 10.00
31.00 -112.00 10.00 | 61.00 -55.00 8.00
32.00 -112.00 7.00 | 61.00 -55.00 3.00
33.00 -113.00 3.00 | 61.00 -57.00 -3.00
34.00 -114.00 -4.00 | 61.00 -57.00 -7.00
35.00 -114.00 -6.00 | 61.00 -57.00 -11.00
35.00 -114.00 -9.00 | 63.00 -57.00 -15.00
35.00 -114.00 -12.00 | 61.00 -58.00 -16.00
35.00 -114.00 -13.00 | 62.00 -58.00 -19.00
37.00 -113.00 -16.00 | 62.00 -57.00 -23.00
36.00 -114.00 -20.00 | 61.00 -57.00 -25.00
37.00 -113.00 -22.00 | 62.00 -58.00 -29.00
36.00 -113.00 -26.00 | 60.00 -58.00 -32.00
35.00 -113.00 -30.00 | 60.00 -58.00 -35.00
34.00 -113.00 -33.00 | 57.00 -59.00 -40.00
33.00 -113.00 -37.00 | 56.00 -59.00 -44.00
32.00 -114.00 -41.00 | 55.00 -59.00 -46.00
31.00 -113.00 -41.00 | 52.00 -60.00 -49.00
29.00 -112.00 -45.00 | 51.00 -59.00 -50.00
27.00 -113.00 -46.00 | 50.00 -59.00 -51.00
26.00 -113.00 -48.00 | 48.00 -59.00 -54.00
25.00 -112.00 -49.00 | 48.00 -59.00 -56.00
23.00 -113.00 -51.00 | 46.00 -60.00 -57.00
23.00 -112.00 -53.00 | 44.00 -60.00 -60.00
18.00 -112.00 -55.00 | 42.00 -59.00 -62.00
17.00 -113.00 -56.00 | 42.00 -59.00 -65.00
15.00 -113.00 -57.00 | 40.00 -59.00 -66.00
11.00 -113.00 -56.00 | 35.00 -59.00 -68.00
12.00 -113.00 -57.00 | 35.00 -60.00 -69.00
10.00 -113.00 -54.00 | 34.00 -60.00 -68.00


13.00 -109.00 -69.00 | 14.00 -64.00 -67.00
20.00 -110.00 -63.00 | 21.00 -65.00 -61.00
25.00 -110.00 -60.00 | 26.00 -66.00 -57.00
23.00 -111.00 -61.00 | 24.00 -66.00 -58.00
20.00 -110.00 -62.00 | 20.00 -66.00 -59.00
20.00 -110.00 -63.00 | 18.00 -65.00 -61.00
14.00 -110.00 -67.00 | 14.00 -65.00 -63.00
6.00 -109.00 -71.00 | 6.00 -64.00 -67.00
2.00 -108.00 -74.00 | -4.00 -63.00 -72.00
-6.00 -107.00 -78.00 | -8.00 -62.00 -73.00
-6.00 -106.00 -79.00 | -9.00 -62.00 -74.00
-8.00 -106.00 -79.00 | -12.00 -61.00 -75.00
-10.00 -105.00 -80.00 | -12.00 -61.00 -74.00
-8.00 -104.00 -81.00 | -11.00 -60.00 -75.00
-16.00 -103.00 -83.00 | -17.00 -60.00 -76.00
-18.00 -103.00 -83.00 | -20.00 -59.00 -77.00
-20.00 -102.00 -84.00 | -21.00 -59.00 -76.00
-20.00 -102.00 -83.00 | -21.00 -59.00 -76.00
-25.00 -102.00 -83.00 | -29.00 -57.00 -77.00
-35.00 -101.00 -82.00 | -35.00 -56.00 -76.00
-40.00 -100.00 -81.00 | -40.00 -55.00 -76.00
-42.00 -100.00 -80.00 | -43.00 -53.00 -73.00
-47.00 -99.00 -78.00 | -45.00 -54.00 -72.00
-53.00 -99.00 -76.00 | -53.00 -52.00 -70.00
-58.00 -97.00 -74.00 | -58.00 -51.00 -67.00
-60.00 -97.00 -74.00 | -62.00 -48.00 -66.00
-65.00 -96.00 -71.00 | -64.00 -48.00 -64.00
-69.00 -95.00 -68.00 | -70.00 -46.00 -59.00
-72.00 -95.00 -64.00 | -73.00 -46.00 -55.00
-76.00 -94.00 -58.00 | -74.00 -46.00 -50.00
-78.00 -95.00 -55.00 | -79.00 -45.00 -44.00
-81.00 -95.00 -49.00 | -80.00 -43.00 -38.00
-82.00 -95.00 -45.00 | -80.00 -44.00 -36.00
-82.00 -94.00 -43.00 | -81.00 -43.00 -33.00
-84.00 -95.00 -40.00 | -82.00 -43.00 -31.00
-84.00 -95.00 -38.00 | -82.00 -44.00 -29.00
-84.00 -96.00 -37.00 | -82.00 -44.00 -27.00
-83.00 -96.00 -34.00 | -83.00 -43.00 -23.00
-86.00 -94.00 -31.00 | -83.00 -42.00 -21.00
-85.00 -96.00 -29.00 | -82.00 -44.00 -20.00
-85.00 -94.00 -29.00 | -84.00 -43.00 -17.00
-87.00 -94.00 -25.00 | -84.00 -42.00 -13.00
-88.00 -94.00 -22.00 | -84.00 -42.00 -12.00
-87.00 -93.00 -20.00 | -84.00 -42.00 -9.00
-87.00 -95.00 -18.00 | -83.00 -43.00 -8.00
-87.00 -94.00 -15.00 | -84.00 -42.00 -5.00
-87.00 -94.00 -14.00 | -83.00 -41.00 -3.00
-85.00 -95.00 -12.00 | -81.00 -42.00 0.00
-85.00 -95.00 -7.00 | -80.00 -42.00 3.00
-86.00 -94.00 -7.00 | -80.00 -42.00 5.00
-83.00 -96.00 -4.00 | -78.00 -43.00 6.00
-84.00 -95.00 0.00 | -79.00 -41.00 11.00
-83.00 -95.00 1.00 | -78.00 -41.00 13.00
-81.00 -95.00 5.00 | -76.00 -42.00 15.00
-80.00 -95.00 10.00 | -75.00 -41.00 21.00
-80.00 -95.00 11.00 | -75.00 -41.00 23.00
-77.00 -96.00 13.00 | -73.00 -41.00 24.00
-77.00 -95.00 16.00 | -71.00 -41.00 27.00
-76.00 -96.00 17.00 | -70.00 -40.00 30.00
-73.00 -96.00 21.00 | -66.00 -41.00 34.00
-71.00 -95.00 24.00 | -65.00 -40.00 36.00
-69.00 -95.00 27.00 | -63.00 -39.00 39.00
-69.00 -95.00 29.00 | -63.00 -39.00 41.00
-64.00 -97.00 29.00 | -59.00 -41.00 41.00
-62.00 -97.00 32.00 | -56.00 -41.00 45.00
-62.00 -95.00 35.00 | -55.00 -40.00 46.00
-58.00 -95.00 37.00 | -51.00 -39.00 50.00
-56.00 -96.00 39.00 | -46.00 -40.00 51.00
-50.00 -97.00 41.00 | -43.00 -40.00 53.00
-45.00 -97.00 43.00 | -38.00 -42.00 54.00
-45.00 -98.00 43.00 | -37.00 -42.00 54.00
-48.00 -94.00 46.00 | -39.00 -37.00 59.00
-42.00 -94.00 51.00 | -35.00 -38.00 61.00
-35.00 -95.00 51.00 | -26.00 -40.00 62.00
-34.00 -95.00 52.00 | -23.00 -40.00 63.00
-30.00 -96.00 52.00 | -22.00 -40.00 63.00
-32.00 -97.00 52.00 | -22.00 -40.00 62.00
-29.00 -96.00 52.00 | -16.00 -40.00 62.00
-21.00 -97.00 54.00 | -13.00 -40.00 63.00
-14.00 -97.00 53.00 | -7.00 -41.00 64.00
-12.00 -97.00 54.00 | 0.00 -44.00 62.00
-6.00 -100.00 50.00 | 3.00 -45.00 60.00
-1.00 -102.00 47.00 | 7.00 -46.00 57.00
0.00 -102.00 47.00 | 10.00 -47.00 56.00
5.00 -103.00 44.00 | 15.00 -50.00 52.00
10.00 -104.00 40.00 | 17.00 -51.00 50.00
12.00 -106.00 38.00 | 23.00 -53.00 46.00
18.00 -105.00 34.00 | 27.00 -54.00 41.00
20.00 -107.00 31.00 | 28.00 -56.00 38.00
22.00 -108.00 28.00 | 31.00 -57.00 33.00
25.00 -108.00 25.00 | 32.00 -57.00 31.00
28.00 -109.00 22.00 | 34.00 -58.00 30.00
28.00 -110.00 20.00 | 36.00 -59.00 26.00
31.00 -110.00 18.00 | 37.00 -59.00 24.00
31.00 -110.00 14.00 | 38.00 -61.00 21.00
33.00 -111.00 12.00 | 40.00 -60.00 17.00
36.00 -111.00 9.00 | 43.00 -61.00 13.00
38.00 -111.00 5.00 | 44.00 -62.00 12.00
40.00 -110.00 2.00 | 46.00 -61.00 7.00
40.00 -111.00 1.00 | 47.00 -61.00 3.00
42.00 -110.00 -3.00 | 48.00 -62.00 1.00
45.00 -110.00 -5.00 | 49.00 -61.00 -2.00
45.00 -110.00 -8.00 | 50.00 -61.00 -6.00
46.00 -110.00 -11.00 | 51.00 -62.00 -6.00
46.00 -109.00 -12.00 | 51.00 -62.00 -10.00
46.00 -109.00 -15.00 | 50.00 -64.00 -15.00
44.00 -111.00 -22.00 | 48.00 -64.00 -17.00
43.00 -112.00 -24.00 | 45.00 -65.00 -24.00
39.00 -112.00 -32.00 | 42.00 -66.00 -31.00
39.00 -112.00 -37.00 | 41.00 -66.00 -35.00
35.00 -111.00 -42.00 | 39.00 -66.00 -39.00
35.00 -111.00 -46.00 | 37.00 -65.00 -45.00
34.00 -110.00 -48.00 | 34.00 -65.00 -49.00
30.00 -111.00 -52.00 | 32.00 -65.00 -50.00
28.00 -111.00 -55.00 | 27.00 -66.00 -53.00
23.00 -111.00 -59.00 | 23.00 -66.00 -57.00
22.00 -110.00 -61.00 | 22.00 -65.00 -59.00
19.00 -111.00 -62.00 | 17.00 -65.00 -62.00
15.00 -109.00 -66.00 | 13.00 -64.00 -65.00
15.00 -108.00 -67.00 | 11.00 -64.00 -67.00


14.00 -108.00 -70.00 | 11.00 -66.00 -64.00
19.00 -108.00 -68.00 | 15.00 -66.00 -63.00
16.00 -109.00 -69.00 | 14.00 -65.00 -62.00
18.00 -108.00 -68.00 | 17.00 -65.00 -62.00
21.00 -107.00 -68.00 | 18.00 -64.00 -62.00
21.00 -107.00 -69.00 | 18.00 -64.00 -64.00
15.00 -105.00 -75.00 | 12.00 -64.00 -68.00
11.00 -104.00 -77.00 | 8.00 -63.00 -70.00
9.00 -104.00 -78.00 | 5.00 -62.00 -72.00
6.00 -103.00 -79.00 | 1.00 -63.00 -73.00
1.00 -103.00 -81.00 | -1.00 -62.00 -73.00
-3.00 -102.00 -83.00 | -7.00 -61.00 -75.00
-6.00 -101.00 -86.00 | -9.00 -59.00 -78.00
-8.00 -100.00 -86.00 | -12.00 -59.00 -80.00
-10.00 -98.00 -89.00 | -15.00 -58.00 -80.00
-13.00 -98.00 -88.00 | -18.00 -59.00 -80.00
-15.00 -99.00 -88.00 | -19.00 -57.00 -80.00
-20.00 -98.00 -89.00 | -23.00 -57.00 -79.00
-22.00 -98.00 -87.00 | -26.00 -57.00 -79.00
-27.00 -98.00 -87.00 | -29.00 -56.00 -77.00
-30.00 -98.00 -87.00 | -33.00 -56.00 -78.00
-31.00 -98.00 -86.00 | -33.00 -56.00 -76.00
-36.00 -98.00 -85.00 | -38.00 -55.00 -76.00
-40.00 -97.00 -86.00 | -43.00 -54.00 -75.00
-45.00 -96.00 -85.00 | -46.00 -52.00 -75.00
-46.00 -95.00 -84.00 | -48.00 -52.00 -74.00
-50.00 -95.00 -83.00 | -52.00 -51.00 -72.00
-54.00 -96.00 -81.00 | -52.00 -51.00 -70.00
-54.00 -96.00 -79.00 | -57.00 -50.00 -67.00
-59.00 -96.00 -75.00 | -62.00 -50.00 -63.00
-62.00 -96.00 -73.00 | -63.00 -50.00 -61.00
-65.00 -96.00 -71.00 | -68.00 -49.00 -58.00
-69.00 -94.00 -67.00 | -71.00 -47.00 -54.00
-71.00 -95.00 -66.00 | -71.00 -47.00 -54.00
-73.00 -95.00 -63.00 | -74.00 -46.00 -49.00
-77.00 -95.00 -58.00 | -76.00 -46.00 -44.00
-78.00 -94.00 -55.00 | -78.00 -45.00 -41.00
-79.00 -94.00 -53.00 | -79.00 -45.00 -40.00
-81.00 -94.00 -50.00 | -80.00 -44.00 -35.00
-83.00 -94.00 -45.00 | -81.00 -44.00 -31.00
-83.00 -94.00 -45.00 | -82.00 -43.00 -30.00
-85.00 -94.00 -41.00 | -83.00 -43.00 -26.00
-86.00 -93.00 -38.00 | -84.00 -42.00 -23.00
-87.00 -94.00 -35.00 | -84.00 -41.00 -21.00
-88.00 -93.00 -32.00 | -84.00 -42.00 -18.00
-88.00 -93.00 -29.00 | -85.00 -40.00 -14.00
-89.00 -93.00 -28.00 | -86.00 -40.00 -12.00
-90.00 -92.00 -24.00 | -86.00 -38.00 -8.00
-89.00 -92.00 -19.00 | -87.00 -39.00 -4.00
-90.00 -92.00 -17.00 | -87.00 -37.00 -1.00
-89.00 -92.00 -14.00 | -86.00 -39.00 1.00
-89.00 -92.00 -10.00 | -86.00 -38.00 5.00
-90.00 -92.00 -8.00 | -86.00 -37.00 9.00
-89.00 -92.00 -2.00 | -84.00 -38.00 12.00
-88.00 -91.00 2.00 | -81.00 -36.00 18.00
-86.00 -92.00 4.00 | -80.00 -37.00 21.00
-85.00 -91.00 8.00 | -80.00 -35.00 23.00
-82.00 -93.00 10.00 | -77.00 -36.00 26.00
-82.00 -92.00 12.00 | -75.00 -35.00 30.00
-80.00 -93.00 16.00 | -74.00 -36.00 33.00
-77.00 -93.00 20.00 | -73.00 -36.00 35.00
-75.00 -93.00 24.00 | -69.00 -36.00 40.00
-74.00 -93.00 25.00 | -68.00 -35.00 42.00
-72.00 -94.00 27.00 | -65.00 -35.00 41.00
-69.00 -95.00 27.00 | -63.00 -36.00 43.00
-68.00 -95.00 28.00 | -62.00 -36.00 45.00
-67.00 -94.00 32.00 | -60.00 -36.00 47.00
-65.00 -94.00 34.00 | -58.00 -35.00 50.00
-63.00 -95.00 35.00 | -54.00 -35.00 51.00
-60.00 -95.00 37.00 | -54.00 -36.00 52.00
-58.00 -96.00 37.00 | -49.00 -36.00 54.00
-55.00 -97.00 39.00 | -46.00 -37.00 56.00
-51.00 -96.00 41.00 | -42.00 -38.00 57.00
-47.00 -98.00 43.00 | -39.00 -38.00 58.00
-45.00 -96.00 44.00 | -36.00 -38.00 60.00
-41.00 -98.00 45.00 | -30.00 -39.00 62.00
-35.00 -98.00 47.00 | -27.00 -39.00 62.00
-33.00 -98.00 49.00 | -21.00 -39.00 63.00
-27.00 -99.00 49.00 | -16.00 -41.00 62.00
-24.00 -101.00 47.00 | -15.00 -42.00 62.00
-22.00 -102.00 46.00 | -10.00 -45.00 60.00
-16.00 -104.00 43.00 | -5.00 -47.00 56.00
-10.00 -106.00 42.00 | -1.00 -47.00 56.00
-8.00 -105.00 42.00 | 2.00 -49.00 55.00
1.00 -105.00 40.00 | 11.00 -50.00 52.00
5.00 -106.00 37.00 | 16.00 -52.00 50.00
7.00 -107.00 36.00 | 18.00 -51.00 48.00
11.00 -107.00 36.00 | 21.00 -53.00 47.00
14.00 -108.00 33.00 | 24.00 -54.00 42.00
16.00 -108.00 32.00 | 26.00 -55.00 42.00
19.00 -108.00 31.00 | 29.00 -54.00 41.00
21.00 -109.00 28.00 | 30.00 -55.00 37.00
22.00 -108.00 26.00 | 33.00 -56.00 35.00
26.00 -110.00 21.00 | 34.00 -57.00 31.00
26.00 -111.00 19.00 | 34.00 -59.00 28.00
27.00 -110.00 20.00 | 36.00 -59.00 28.00
28.00 -111.00 14.00 | 36.00 -60.00 23.00
30.00 -113.00 8.00 | 39.00 -62.00 16.00
33.00 -113.00 4.00 | 40.00 -63.00 10.00
34.00 -113.00 1.00 | 40.00 -63.00 8.00
36.00 -112.00 -4.00 | 42.00 -63.00 3.00
38.00 -112.00 -10.00 | 44.00 -64.00 -2.00
38.00 -113.00 -13.00 | 43.00 -64.00 -6.00
37.00 -114.00 -19.00 | 42.00 -66.00 -12.00
37.00 -114.00 -23.00 | 41.00 -67.00 -16.00
38.00 -114.00 -26.00 | 42.00 -66.00 -19.00
35.00 -113.00 -30.00 | 39.00 -66.00 -25.00
35.00 -113.00 -36.00 | 38.00 -67.00 -31.00
35.00 -113.00 -38.00 | 37.00 -67.00 -34.00
34.00 -112.00 -42.00 | 36.00 -67.00 -37.00
34.00 -111.00 -44.00 | 35.00 -67.00 -39.00
32.00 -111.00 -50.00 | 33.00 -67.00 -44.00
30.00 -111.00 -52.00 | 28.00 -67.00 -50.00
25.00 -110.00 -57.00 | 26.00 -67.00 -51.00
23.00 -111.00 -60.00 | 23.00 -66.00 -54.00
23.00 -109.00 -61.00 | 20.00 -66.00 -56.00
18.00 -109.00 -64.00 | 17.00 -66.00 -58.00
16.00 -109.00 -68.00 | 13.00 -66.00 -61.00
16.00 -109.00 -67.00 | 15.00 -66.00 -61.00
18.00 -109.00 -66.00 | 16.00 -66.00 -59.00


23.00 -108.00 -66.00 | 10.00 -60.00 -77.00
28.00 -106.00 -67.00 | 13.00 -60.00 -77.00
21.00 -105.00 -69.00 | 7.00 -59.00 -78.00
19.00 -107.00 -70.00 | 4.00 -59.00 -79.00
22.00 -106.00 -69.00 | 6.00 -60.00 -78.00
24.00 -104.00 -74.00 | 9.00 -57.00 -81.00
22.00 -105.00 -72.00 | 1.00 -59.00 -80.00
12.00 -107.00 -73.00 | -6.00 -59.00 -80.00
9.00 -107.00 -74.00 | -10.00 -59.00 -79.00
9.00 -105.00 -75.00 | -9.00 -57.00 -81.00
8.00 -105.00 -75.00 | -11.00 -58.00 -81.00
5.00 -104.00 -78.00 | -13.00 -58.00 -82.00
4.00 -104.00 -79.00 | -16.00 -57.00 -83.00
-1.00 -103.00 -80.00 | -19.00 -55.00 -85.00
-2.00 -103.00 -81.00 | -21.00 -55.00 -85.00
-4.00 -102.00 -81.00 | -23.00 -55.00 -84.00
-6.00 -102.00 -83.00 | -24.00 -54.00 -84.00
-7.00 -102.00 -82.00 | -28.00 -54.00 -83.00
-13.00 -102.00 -82.00 | -30.00 -53.00 -83.00
-15.00 -101.00 -83.00 | -35.00 -52.00 -83.00
-18.00 -101.00 -84.00 | -36.00 -51.00 -84.00
-21.00 -100.00 -85.00 | -39.00 -50.00 -84.00
-23.00 -100.00 -86.00 | -42.00 -49.00 -84.00
-27.00 -100.00 -84.00 | -46.00 -48.00 -81.00
-30.00 -99.00 -84.00 | -48.00 -48.00 -82.00
-33.00 -99.00 -85.00 | -50.00 -46.00 -82.00
-36.00 -99.00 -84.00 | -55.00 -47.00 -80.00
-40.00 -98.00 -83.00 | -57.00 -44.00 -79.00
-43.00 -96.00 -84.00 | -59.00 -44.00 -79.00
-44.00 -97.00 -83.00 | -63.00 -42.00 -77.00
-49.00 -97.00 -81.00 | -65.00 -42.00 -75.00
-52.00 -97.00 -79.00 | -67.00 -41.00 -73.00
-53.00 -96.00 -79.00 | -70.00 -40.00 -71.00
-57.00 -95.00 -77.00 | -73.00 -39.00 -69.00
-60.00 -96.00 -76.00 | -74.00 -39.00 -68.00
-62.00 -96.00 -75.00 | -78.00 -38.00 -65.00
-65.00 -95.00 -72.00 | -79.00 -37.00 -61.00
-68.00 -93.00 -69.00 | -84.00 -35.00 -59.00
-69.00 -93.00 -68.00 | -83.00 -36.00 -58.00
-72.00 -93.00 -66.00 | -85.00 -35.00 -55.00
-74.00 -93.00 -63.00 | -87.00 -35.00 -51.00
-74.00 -93.00 -62.00 | -88.00 -35.00 -49.00
-77.00 -93.00 -60.00 | -89.00 -34.00 -47.00
-81.00 -93.00 -55.00 | -92.00 -34.00 -42.00
-82.00 -92.00 -53.00 | -92.00 -33.00 -40.00
-84.00 -93.00 -50.00 | -93.00 -33.00 -36.00
-85.00 -92.00 -45.00 | -93.00 -33.00 -31.00
-84.00 -93.00 -42.00 | -93.00 -35.00 -28.00
-86.00 -94.00 -40.00 | -93.00 -34.00 -26.00
-86.00 -94.00 -38.00 | -93.00 -34.00 -23.00
-88.00 -92.00 -34.00 | -94.00 -33.00 -20.00
-88.00 -93.00 -32.00 | -94.00 -33.00 -17.00
-88.00 -93.00 -27.00 | -93.00 -32.00 -12.00
-89.00 -94.00 -19.00 | -93.00 -33.00 -8.00
-87.00 -94.00 -16.00 | -91.00 -34.00 -1.00
-86.00 -95.00 -10.00 | -88.00 -35.00 4.00
-86.00 -95.00 -8.00 | -87.00 -35.00 6.00
-85.00 -94.00 -5.00 | -85.00 -36.00 10.00
-82.00 -95.00 0.00 | -83.00 -36.00 14.00
-80.00 -97.00 5.00 | -79.00 -38.00 19.00
-78.00 -96.00 6.00 | -77.00 -38.00 23.00
-79.00 -95.00 12.00 | -79.00 -36.00 26.00
-79.00 -94.00 15.00 | -75.00 -36.00 29.00
-75.00 -96.00 17.00 | -68.00 -39.00 32.00
-72.00 -95.00 20.00 | -69.00 -39.00 34.00
-70.00 -97.00 22.00 | -66.00 -39.00 36.00
-70.00 -97.00 24.00 | -66.00 -39.00 36.00
-74.00 -93.00 26.00 | -68.00 -35.00 40.00
-74.00 -94.00 22.00 | -70.00 -37.00 36.00
-81.00 -91.00 18.00 | -76.00 -34.00 33.00
-82.00 -87.00 23.00 | -78.00 -29.00 36.00
-66.00 -99.00 23.00 | -57.00 -35.00 49.00
-70.00 -95.00 26.00 | -64.00 -32.00 50.00
-71.00 -91.00 31.00 | -63.00 -32.00 51.00
-62.00 -94.00 36.00 | -55.00 -35.00 53.00
-58.00 -96.00 38.00 | -47.00 -36.00 55.00
-54.00 -95.00 41.00 | -44.00 -37.00 56.00
-49.00 -95.00 45.00 | -39.00 -37.00 59.00
-47.00 -95.00 46.00 | -36.00 -38.00 59.00
-45.00 -96.00 46.00 | -34.00 -38.00 60.00
-41.00 -98.00 46.00 | -31.00 -41.00 58.00
-39.00 -98.00 45.00 | -27.00 -43.00 56.00
-33.00 -99.00 45.00 | -23.00 -44.00 56.00
-27.00 -100.00 47.00 | -18.00 -46.00 55.00
-24.00 -101.00 47.00 | -14.00 -45.00 55.00
-22.00 -102.00 46.00 | -10.00 -49.00 53.00
-19.00 -103.00 45.00 | -10.00 -50.00 52.00
-13.00 -103.00 45.00 | -4.00 -51.00 50.00
-10.00 -103.00 45.00 | 2.00 -52.00 48.00
-4.00 -103.00 44.00 | 6.00 -53.00 48.00
-2.00 -104.00 43.00 | 8.00 -54.00 44.00
2.00 -105.00 41.00 | 13.00 -56.00 42.00
8.00 -105.00 39.00 | 15.00 -55.00 40.00
11.00 -104.00 40.00 | 21.00 -57.00 39.00
16.00 -104.00 38.00 | 24.00 -56.00 37.00
18.00 -104.00 36.00 | 26.00 -57.00 35.00
23.00 -105.00 34.00 | 28.00 -59.00 30.00
25.00 -105.00 33.00 | 31.00 -59.00 27.00
26.00 -105.00 31.00 | 31.00 -60.00 25.00
29.00 -105.00 28.00 | 33.00 -61.00 22.00
30.00 -106.00 26.00 | 34.00 -61.00 20.00
30.00 -106.00 25.00 | 33.00 -62.00 19.00
30.00 -107.00 21.00 | 33.00 -62.00 16.00
31.00 -109.00 19.00 | 32.00 -65.00 11.00
33.00 -110.00 13.00 | 33.00 -66.00 5.00
33.00 -111.00 12.00 | 32.00 -66.00 4.00
34.00 -111.00 9.00 | 33.00 -66.00 0.00
35.00 -111.00 5.00 | 34.00 -67.00 -3.00
37.00 -112.00 2.00 | 34.00 -67.00 -9.00
39.00 -111.00 -3.00 | 34.00 -68.00 -12.00
40.00 -112.00 -8.00 | 35.00 -67.00 -17.00
40.00 -112.00 -14.00 | 33.00 -69.00 -24.00
40.00 -113.00 -16.00 | 32.00 -68.00 -25.00
39.00 -112.00 -20.00 | 30.00 -69.00 -30.00
37.00 -113.00 -27.00 | 28.00 -69.00 -33.00
37.00 -113.00 -30.00 | 24.00 -68.00 -40.00
33.00 -113.00 -37.00 | 20.00 -69.00 -46.00
31.00 -111.00 -43.00 | 19.00 -68.00 -50.00
30.00 -112.00 -48.00 | 13.00 -67.00 -55.00
26.00 -111.00 -52.00 | 9.00 -67.00 -59.00


26.00 -502.00 -359.00 | 53.00 -289.00 -356.00
10.00 -107.00 -74.00 | 15.00 -62.00 -72.00
11.00 -106.00 -73.00 | 18.00 -61.00 -72.00
15.00 -106.00 -71.00 | 22.00 -61.00 -71.00
2.00 -109.00 -70.00 | 9.00 -63.00 -69.00
-6.00 -109.00 -70.00 | 1.00 -63.00 -69.00
-10.00 -108.00 -73.00 | -5.00 -62.00 -73.00
-8.00 -107.00 -74.00 | -2.00 -61.00 -74.00
-7.00 -107.00 -74.00 | -1.00 -62.00 -75.00
-10.00 -107.00 -75.00 | -3.00 -61.00 -75.00
-14.00 -107.00 -75.00 | -12.00 -60.00 -77.00
-20.00 -107.00 -76.00 | -15.00 -60.00 -77.00
-23.00 -106.00 -76.00 | -20.00 -59.00 -78.00
-24.00 -105.00 -77.00 | -21.00 -59.00 -77.00
-27.00 -105.00 -77.00 | -23.00 -58.00 -78.00
-30.00 -105.00 -76.00 | -32.00 -56.00 -77.00
-40.00 -102.00 -76.00 | -38.00 -53.00 -77.00
-47.00 -101.00 -76.00 | -47.00 -52.00 -73.00
-47.00 -101.00 -75.00 | -46.00 -53.00 -72.00
-47.00 -102.00 -73.00 | -46.00 -53.00 -72.00
-49.00 -102.00 -73.00 | -48.00 -53.00 -71.00
-50.00 -101.00 -72.00 | -49.00 -52.00 -69.00
-53.00 -101.00 -71.00 | -51.00 -53.00 -68.00
-55.00 -101.00 -68.00 | -53.00 -52.00 -66.00
-56.00 -101.00 -68.00 | -57.00 -52.00 -63.00
-60.00 -101.00 -66.00 | -60.00 -51.00 -61.00
-61.00 -100.00 -64.00 | -61.00 -51.00 -60.00
-62.00 -99.00 -64.00 | -62.00 -50.00 -58.00
-63.00 -100.00 -62.00 | -64.00 -51.00 -57.00
-65.00 -100.00 -59.00 | -64.00 -50.00 -55.00
-67.00 -100.00 -59.00 | -67.00 -50.00 -52.00
-69.00 -99.00 -57.00 | -67.00 -51.00 -51.00
-72.00 -99.00 -54.00 | -69.00 -50.00 -48.00
-73.00 -98.00 -53.00 | -72.00 -49.00 -46.00
-75.00 -97.00 -51.00 | -72.00 -49.00 -45.00
-77.00 -98.00 -48.00 | -73.00 -48.00 -41.00
-82.00 -96.00 -43.00 | -76.00 -47.00 -36.00
-82.00 -95.00 -41.00 | -77.00 -47.00 -32.00
-82.00 -96.00 -38.00 | -77.00 -48.00 -31.00
-83.00 -97.00 -34.00 | -78.00 -47.00 -26.00
-84.00 -95.00 -33.00 | -79.00 -47.00 -23.00
-86.00 -95.00 -30.00 | -79.00 -46.00 -21.00
-85.00 -95.00 -28.00 | -79.00 -46.00 -17.00
-85.00 -94.00 -23.00 | -79.00 -45.00 -11.00
-86.00 -94.00 -18.00 | -79.00 -45.00 -10.00
-86.00 -94.00 -18.00 | -79.00 -45.00 -5.00
-86.00 -93.00 -11.00 | -78.00 -45.00 1.00
-85.00 -93.00 -4.00 | -76.00 -43.00 8.00
-84.00 -93.00 0.00 | -76.00 -43.00 10.00
-85.00 -93.00 1.00 | -76.00 -44.00 13.00
-83.00 -93.00 3.00 | -74.00 -44.00 15.00
-83.00 -94.00 6.00 | -73.00 -44.00 17.00
-82.00 -94.00 8.00 | -72.00 -43.00 20.00
-80.00 -92.00 12.00 | -70.00 -43.00 24.00
-79.00 -94.00 14.00 | -68.00 -43.00 25.00
-80.00 -92.00 15.00 | -67.00 -42.00 28.00
-77.00 -93.00 18.00 | -65.00 -43.00 30.00
-75.00 -94.00 21.00 | -62.00 -42.00 33.00
-73.00 -93.00 23.00 | -60.00 -43.00 35.00
-71.00 -95.00 24.00 | -57.00 -44.00 36.00
-68.00 -97.00 23.00 | -55.00 -45.00 36.00
-67.00 -97.00 24.00 | -52.00 -46.00 37.00
-64.00 -97.00 27.00 | -50.00 -46.00 40.00
-62.00 -97.00 29.00 | -46.00 -45.00 40.00
-62.00 -96.00 33.00 | -46.00 -45.00 43.00
-59.00 -95.00 35.00 | -43.00 -44.00 45.00
-57.00 -96.00 37.00 | -39.00 -45.00 47.00
-56.00 -96.00 36.00 | -38.00 -45.00 47.00
-54.00 -98.00 37.00 | -36.00 -46.00 46.00
-51.00 -99.00 37.00 | -33.00 -47.00 47.00
-50.00 -99.00 39.00 | -32.00 -46.00 47.00
-46.00 -99.00 40.00 | -29.00 -48.00 47.00
-44.00 -100.00 40.00 | -26.00 -48.00 49.00
-43.00 -99.00 41.00 | -23.00 -48.00 48.00
-38.00 -101.00 41.00 | -20.00 -50.00 47.00
-33.00 -102.00 42.00 | -15.00 -50.00 48.00
-30.00 -101.00 44.00 | -13.00 -50.00 48.00
-27.00 -99.00 47.00 | -9.00 -49.00 51.00
-23.00 -98.00 49.00 | -5.00 -47.00 53.00
-19.00 -99.00 51.00 | -3.00 -48.00 53.00
-12.00 -102.00 46.00 | 4.00 -50.00 50.00
-8.00 -104.00 42.00 | 8.00 -54.00 44.00
-8.00 -105.00 40.00 | 7.00 -55.00 43.00
-13.00 -105.00 41.00 | 4.00 -54.00 45.00
-9.00 -104.00 40.00 | 6.00 -55.00 43.00
-4.00 -107.00 39.00 | 11.00 -55.00 41.00
-2.00 -106.00 38.00 | 13.00 -56.00 40.00
6.00 -106.00 36.00 | 20.00 -56.00 37.00
12.00 -107.00 34.00 | 25.00 -57.00 35.00
15.00 -108.00 33.00 | 28.00 -57.00 33.00
17.00 -108.00 31.00 | 30.00 -57.00 31.00
20.00 -107.00 30.00 | 35.00 -57.00 28.00
24.00 -108.00 27.00 | 36.00 -58.00 26.00
28.00 -109.00 22.00 | 39.00 -59.00 21.00
29.00 -109.00 20.00 | 42.00 -60.00 16.00
31.00 -109.00 15.00 | 43.00 -60.00 14.00
35.00 -110.00 13.00 | 47.00 -59.00 12.00
36.00 -110.00 8.00 | 48.00 -60.00 7.00
36.00 -111.00 5.00 | 48.00 -61.00 0.00
39.00 -111.00 -1.00 | 50.00 -62.00 -3.00
41.00 -110.00 -8.00 | 50.00 -62.00 -11.00
41.00 -112.00 -11.00 | 50.00 -62.00 -16.00
41.00 -111.00 -18.00 | 50.00 -62.00 -20.00
40.00 -111.00 -27.00 | 49.00 -62.00 -29.00
40.00 -111.00 -31.00 | 48.00 -62.00 -35.00
39.00 -110.00 -36.00 | 46.00 -61.00 -38.00
39.00 -111.00 -39.00 | 46.00 -62.00 -43.00
38.00 -111.00 -44.00 | 44.00 -62.00 -47.00
34.00 -110.00 -48.00 | 39.00 -62.00 -52.00
32.00 -109.00 -54.00 | 38.00 -62.00 -54.00
29.00 -108.00 -60.00 | 35.00 -62.00 -61.00
27.00 -108.00 -62.00 | 32.00 -61.00 -63.00
25.00 -108.00 -64.00 | 31.00 -61.00 -66.00
23.00 -106.00 -66.00 | 27.00 -62.00 -67.00
19.00 -107.00 -69.00 | 23.00 -61.00 -68.00
16.00 -106.00 -71.00 | 22.00 -61.00 -70.00
14.00 -105.00 -71.00 | 19.00 -61.00 -71.00
11.00 -105.00 -73.00 | 17.00 -61.00 -72.00
8.00 -105.00 -74.00 | 15.00 -61.00 -73.00
7.00 -105.00 -74.00 | 12.00 -60.00 -74.00


12.00 -106.00 -67.00 | 16.00 -64.00 -67.00
11.00 -106.00 -70.00 | 14.00 -62.00 -69.00
11.00 -104.00 -74.00 | 14.00 -60.00 -74.00
3.00 -105.00 -74.00 | 7.00 -61.00 -73.00
4.00 -106.00 -72.00 | 6.00 -61.00 -71.00
8.00 -106.00 -72.00 | 11.00 -61.00 -72.00
8.00 -105.00 -72.00 | 10.00 -61.00 -72.00
6.00 -105.00 -73.00 | 10.00 -62.00 -72.00
4.00 -105.00 -72.00 | 8.00 -61.00 -72.00
2.00 -106.00 -74.00 | 5.00 -62.00 -73.00
-1.00 -105.00 -75.00 | 4.00 -61.00 -73.00
-3.00 -104.00 -75.00 | -1.00 -61.00 -75.00
-5.00 -104.00 -75.00 | -4.00 -59.00 -76.00
-12.00 -104.00 -76.00 | -9.00 -60.00 -76.00
-17.00 -104.00 -77.00 | -20.00 -60.00 -74.00
-22.00 -103.00 -77.00 | -22.00 -59.00 -75.00
-22.00 -103.00 -78.00 | -23.00 -58.00 -77.00
-23.00 -103.00 -79.00 | -26.00 -56.00 -78.00
-29.00 -101.00 -81.00 | -30.00 -55.00 -78.00
-32.00 -100.00 -82.00 | -34.00 -54.00 -79.00
-32.00 -100.00 -83.00 | -36.00 -54.00 -79.00
-36.00 -99.00 -82.00 | -37.00 -54.00 -77.00
-40.00 -99.00 -81.00 | -43.00 -52.00 -76.00
-41.00 -99.00 -80.00 | -44.00 -52.00 -74.00
-43.00 -99.00 -80.00 | -46.00 -52.00 -72.00
-46.00 -99.00 -79.00 | -47.00 -51.00 -73.00
-49.00 -98.00 -79.00 | -51.00 -51.00 -72.00
-51.00 -97.00 -77.00 | -52.00 -50.00 -70.00
-54.00 -97.00 -77.00 | -55.00 -49.00 -71.00
-55.00 -98.00 -76.00 | -57.00 -49.00 -67.00
-59.00 -97.00 -73.00 | -61.00 -49.00 -63.00
-63.00 -97.00 -70.00 | -63.00 -49.00 -62.00
-64.00 -97.00 -68.00 | -65.00 -49.00 -57.00
-68.00 -96.00 -66.00 | -68.00 -48.00 -55.00
-69.00 -96.00 -63.00 | -68.00 -48.00 -52.00
-71.00 -95.00 -60.00 | -71.00 -48.00 -47.00
-77.00 -94.00 -55.00 | -76.00 -46.00 -40.00
-79.00 -95.00 -50.00 | -76.00 -45.00 -35.00
-81.00 -94.00 -45.00 | -77.00 -46.00 -33.00
-81.00 -94.00 -44.00 | -79.00 -45.00 -30.00
-83.00 -94.00 -39.00 | -81.00 -45.00 -25.00
-85.00 -94.00 -38.00 | -80.00 -44.00 -23.00
-86.00 -93.00 -36.00 | -81.00 -44.00 -21.00
-88.00 -93.00 -31.00 | -82.00 -43.00 -18.00
-86.00 -93.00 -27.00 | -81.00 -43.00 -12.00
-88.00 -92.00 -23.00 | -82.00 -43.00 -7.00
-88.00 -92.00 -19.00 | -81.00 -43.00 -6.00
-88.00 -92.00 -18.00 | -80.00 -42.00 -1.00
-87.00 -92.00 -14.00 | -79.00 -42.00 3.00
-87.00 -91.00 -9.00 | -78.00 -42.00 8.00
-87.00 -93.00 -5.00 | -77.00 -42.00 11.00
-86.00 -92.00 -4.00 | -76.00 -41.00 14.00
-85.00 -92.00 2.00 | -74.00 -39.00 19.00
-83.00 -92.00 6.00 | -73.00 -40.00 22.00
-84.00 -92.00 9.00 | -71.00 -40.00 26.00
-81.00 -92.00 14.00 | -67.00 -40.00 31.00
-78.00 -93.00 18.00 | -66.00 -39.00 33.00
-78.00 -93.00 19.00 | -62.00 -40.00 35.00
-72.00 -95.00 21.00 | -57.00 -42.00 37.00
-71.00 -95.00 21.00 | -55.00 -41.00 41.00
-69.00 -93.00 30.00 | -54.00 -40.00 42.00
-67.00 -92.00 32.00 | -50.00 -40.00 46.00
-63.00 -95.00 33.00 | -44.00 -42.00 47.00
-61.00 -95.00 34.00 | -42.00 -41.00 48.00
-54.00 -99.00 34.00 | -37.00 -45.00 45.00
-53.00 -99.00 33.00 | -35.00 -45.00 45.00
-53.00 -99.00 34.00 | -35.00 -45.00 45.00
-53.00 -97.00 39.00 | -35.00 -43.00 51.00
-52.00 -95.00 41.00 | -33.00 -42.00 52.00
-50.00 -96.00 43.00 | -29.00 -43.00 53.00
-41.00 -96.00 47.00 | -21.00 -43.00 56.00
-37.00 -97.00 46.00 | -17.00 -45.00 55.00
-37.00 -99.00 47.00 | -18.00 -45.00 55.00
-36.00 -98.00 46.00 | -17.00 -44.00 55.00
-33.00 -98.00 47.00 | -15.00 -45.00 54.00
-31.00 -99.00 48.00 | -13.00 -45.00 55.00
-30.00 -98.00 47.00 | -11.00 -46.00 54.00
-23.00 -99.00 49.00 | -5.00 -46.00 55.00
-19.00 -100.00 49.00 | 0.00 -46.00 55.00
-15.00 -100.00 48.00 | 3.00 -47.00 54.00
-9.00 -99.00 50.00 | 9.00 -47.00 55.00
-6.00 -99.00 49.00 | 14.00 -47.00 55.00
-1.00 -99.00 50.00 | 17.00 -47.00 54.00
8.00 -99.00 48.00 | 25.00 -47.00 52.00
14.00 -101.00 44.00 | 31.00 -48.00 48.00
17.00 -99.00 43.00 | 36.00 -48.00 44.00
22.00 -100.00 41.00 | 38.00 -48.00 45.00
25.00 -102.00 37.00 | 41.00 -50.00 40.00
29.00 -102.00 34.00 | 46.00 -52.00 32.00
33.00 -104.00 26.00 | 47.00 -53.00 27.00
37.00 -107.00 19.00 | 49.00 -55.00 19.00
38.00 -107.00 15.00 | 51.00 -56.00 16.00
41.00 -108.00 7.00 | 53.00 -57.00 8.00
41.00 -108.00 6.00 | 54.00 -59.00 3.00
41.00 -108.00 0.00 | 53.00 -59.00 0.00
43.00 -109.00 -2.00 | 54.00 -59.00 -3.00
45.00 -108.00 -3.00 | 55.00 -59.00 -6.00
44.00 -108.00 -8.00 | 55.00 -60.00 -9.00
45.00 -109.00 -12.00 | 56.00 -59.00 -13.00
45.00 -109.00 -18.00 | 54.00 -61.00 -19.00
45.00 -108.00 -21.00 | 54.00 -61.00 -24.00
45.00 -108.00 -26.00 | 54.00 -61.00 -27.00
45.00 -108.00 -30.00 | 52.00 -61.00 -31.00
45.00 -107.00 -32.00 | 52.00 -61.00 -35.00
42.00 -109.00 -37.00 | 50.00 -62.00 -38.00
38.00 -109.00 -43.00 | 46.00 -63.00 -42.00
38.00 -107.00 -46.00 | 44.00 -61.00 -49.00
36.00 -106.00 -52.00 | 43.00 -61.00 -52.00
34.00 -107.00 -53.00 | 40.00 -61.00 -56.00
31.00 -105.00 -61.00 | 36.00 -62.00 -60.00
29.00 -105.00 -62.00 | 31.00 -61.00 -63.00
25.00 -105.00 -66.00 | 31.00 -60.00 -64.00
24.00 -105.00 -67.00 | 27.00 -61.00 -67.00
19.00 -105.00 -68.00 | 24.00 -63.00 -66.00
19.00 -105.00 -67.00 | 24.00 -61.00 -65.00
18.00 -105.00 -67.00 | 20.00 -63.00 -66.00
15.00 -107.00 -67.00 | 19.00 -63.00 -66.00
16.00 -106.00 -67.00 | 20.00 -62.00 -66.00
15.00 -106.00 -67.00 | 20.00 -63.00 -66.00
15.00 -106.00 -68.00 | 20.00 -63.00 -65.00


19.00 -109.00 -60.00 | 37.00 -61.00 -61.00
18.00 -108.00 -63.00 | 35.00 -58.00 -68.00
16.00 -108.00 -67.00 | 34.00 -57.00 -71.00
19.00 -108.00 -64.00 | 36.00 -57.00 -69.00
20.00 -108.00 -63.00 | 35.00 -59.00 -65.00
19.00 -109.00 -62.00 | 36.00 -59.00 -65.00
20.00 -109.00 -62.00 | 37.00 -59.00 -65.00
19.00 -110.00 -61.00 | 34.00 -59.00 -65.00
10.00 -107.00 -68.00 | 27.00 -59.00 -72.00
7.00 -108.00 -69.00 | 25.00 -59.00 -74.00
5.00 -108.00 -70.00 | 23.00 -59.00 -74.00
5.00 -105.00 -72.00 | 22.00 -58.00 -78.00
3.00 -106.00 -74.00 | 21.00 -57.00 -79.00
5.00 -105.00 -75.00 | 23.00 -56.00 -80.00
4.00 -105.00 -75.00 | 22.00 -56.00 -81.00
1.00 -104.00 -76.00 | 17.00 -56.00 -83.00
-2.00 -105.00 -79.00 | 14.00 -55.00 -84.00
-2.00 -104.00 -78.00 | 14.00 -55.00 -86.00
-5.00 -104.00 -80.00 | 12.00 -54.00 -87.00
-10.00 -103.00 -82.00 | 4.00 -54.00 -89.00
-17.00 -102.00 -82.00 | -1.00 -53.00 -89.00
-29.00 -102.00 -81.00 | -16.00 -53.00 -88.00
-35.00 -101.00 -80.00 | -25.00 -53.00 -86.00
-38.00 -102.00 -78.00 | -24.00 -53.00 -84.00
-38.00 -102.00 -77.00 | -25.00 -54.00 -83.00
-40.00 -101.00 -78.00 | -27.00 -53.00 -84.00
-40.00 -102.00 -77.00 | -29.00 -53.00 -83.00
-44.00 -101.00 -77.00 | -30.00 -52.00 -82.00
-50.00 -101.00 -74.00 | -36.00 -53.00 -80.00
-53.00 -99.00 -73.00 | -40.00 -51.00 -78.00
-55.00 -99.00 -72.00 | -43.00 -51.00 -78.00
-55.00 -101.00 -69.00 | -42.00 -52.00 -74.00
-54.00 -101.00 -68.00 | -41.00 -54.00 -73.00
-55.00 -101.00 -66.00 | -42.00 -55.00 -71.00
-58.00 -101.00 -65.00 | -45.00 -54.00 -69.00
-60.00 -101.00 -64.00 | -49.00 -52.00 -68.00
-65.00 -99.00 -61.00 | -52.00 -53.00 -64.00
-66.00 -100.00 -59.00 | -54.00 -53.00 -64.00
-69.00 -99.00 -57.00 | -56.00 -52.00 -61.00
-70.00 -98.00 -56.00 | -57.00 -52.00 -60.00
-73.00 -98.00 -53.00 | -59.00 -52.00 -56.00
-76.00 -97.00 -51.00 | -64.00 -51.00 -52.00
-77.00 -96.00 -46.00 | -65.00 -51.00 -50.00
-78.00 -97.00 -42.00 | -66.00 -52.00 -45.00
-78.00 -97.00 -41.00 | -65.00 -52.00 -42.00
-80.00 -97.00 -38.00 | -65.00 -52.00 -41.00
-80.00 -97.00 -35.00 | -67.00 -52.00 -38.00
-81.00 -97.00 -34.00 | -68.00 -52.00 -35.00
-82.00 -96.00 -30.00 | -69.00 -52.00 -31.00
-81.00 -97.00 -25.00 | -69.00 -52.00 -28.00
-82.00 -97.00 -21.00 | -69.00 -52.00 -23.00
-81.00 -97.00 -18.00 | -68.00 -53.00 -18.00
-82.00 -97.00 -13.00 | -68.00 -53.00 -14.00
-82.00 -97.00 -8.00 | -67.00 -51.00 -9.00
-80.00 -98.00 -6.00 | -66.00 -52.00 -2.00
-78.00 -98.00 0.00 | -65.00 -51.00 1.00
-77.00 -98.00 6.00 | -62.00 -53.00 5.00
-75.00 -99.00 7.00 | -61.00 -52.00 10.00
-74.00 -98.00 10.00 | -59.00 -52.00 11.00
-71.00 -98.00 14.00 | -57.00 -52.00 14.00
-69.00 -99.00 16.00 | -54.00 -52.00 17.00
-70.00 -98.00 18.00 | -53.00 -52.00 21.00
-67.00 -98.00 21.00 | -51.00 -52.00 24.00
-65.00 -98.00 24.00 | -48.00 -52.00 27.00
-64.00 -97.00 28.00 | -46.00 -51.00 31.00
-61.00 -97.00 31.00 | -43.00 -51.00 32.00
-59.00 -97.00 33.00 | -40.00 -51.00 35.00
-54.00 -98.00 36.00 | -34.00 -51.00 37.00
-50.00 -98.00 39.00 | -32.00 -51.00 39.00
-48.00 -98.00 40.00 | -29.00 -51.00 41.00
-46.00 -98.00 41.00 | -26.00 -52.00 42.00
-40.00 -98.00 43.00 | -21.00 -52.00 44.00
-37.00 -99.00 46.00 | -19.00 -52.00 45.00
-34.00 -98.00 46.00 | -15.00 -50.00 47.00
-30.00 -97.00 49.00 | -10.00 -51.00 47.00
-25.00 -98.00 50.00 | -8.00 -51.00 49.00
-20.00 -100.00 50.00 | 0.00 -53.00 47.00
-16.00 -101.00 46.00 | 4.00 -54.00 44.00
-13.00 -103.00 45.00 | 6.00 -55.00 42.00
-8.00 -103.00 43.00 | 11.00 -56.00 41.00
-3.00 -104.00 42.00 | 15.00 -56.00 40.00
1.00 -104.00 42.00 | 19.00 -55.00 40.00
7.00 -105.00 39.00 | 23.00 -56.00 37.00
13.00 -105.00 39.00 | 30.00 -55.00 36.00
16.00 -104.00 38.00 | 33.00 -54.00 35.00
17.00 -104.00 38.00 | 34.00 -54.00 33.00
21.00 -104.00 34.00 | 38.00 -54.00 31.00
25.00 -105.00 31.00 | 42.00 -54.00 28.00
27.00 -106.00 29.00 | 44.00 -55.00 25.00
32.00 -105.00 24.00 | 49.00 -55.00 20.00
36.00 -105.00 21.00 | 52.00 -55.00 17.00
36.00 -106.00 20.00 | 53.00 -56.00 15.00
37.00 -106.00 18.00 | 54.00 -55.00 13.00
39.00 -106.00 15.00 | 56.00 -56.00 11.00
40.00 -106.00 13.00 | 57.00 -54.00 9.00
42.00 -108.00 9.00 | 58.00 -55.00 4.00
43.00 -107.00 6.00 | 60.00 -55.00 2.00
42.00 -107.00 5.00 | 61.00 -55.00 -1.00
45.00 -107.00 3.00 | 61.00 -56.00 -2.00
46.00 -107.00 -2.00 | 63.00 -56.00 -6.00
47.00 -107.00 -3.00 | 63.00 -56.00 -8.00
48.00 -107.00 -8.00 | 64.00 -55.00 -13.00
49.00 -107.00 -12.00 | 65.00 -54.00 -17.00
50.00 -107.00 -15.00 | 64.00 -54.00 -19.00
49.00 -108.00 -18.00 | 63.00 -55.00 -23.00
47.00 -108.00 -20.00 | 63.00 -56.00 -26.00
45.00 -109.00 -23.00 | 61.00 -56.00 -28.00
44.00 -110.00 -27.00 | 58.00 -58.00 -33.00
43.00 -109.00 -30.00 | 57.00 -57.00 -36.00
43.00 -110.00 -33.00 | 58.00 -57.00 -39.00
42.00 -109.00 -35.00 | 57.00 -57.00 -41.00
41.00 -108.00 -40.00 | 55.00 -56.00 -45.00
40.00 -108.00 -44.00 | 55.00 -56.00 -50.00
40.00 -107.00 -47.00 | 54.00 -57.00 -53.00
38.00 -107.00 -51.00 | 52.00 -56.00 -57.00
36.00 -106.00 -55.00 | 51.00 -55.00 -62.00
36.00 -105.00 -57.00 | 50.00 -54.00 -63.00
33.00 -105.00 -61.00 | 48.00 -54.00 -66.00
31.00 -105.00 -62.00 | 44.00 -55.00 -70.00
28.00 -105.00 -65.00 | 43.00 -55.00 -71.00


14.00 -108.00 -64.00 | 31.00 -61.00 -63.00
16.00 -108.00 -64.00 | 32.00 -60.00 -65.00
18.00 -108.00 -63.00 | 34.00 -60.00 -66.00
17.00 -108.00 -63.00 | 30.00 -60.00 -66.00
15.00 -108.00 -64.00 | 31.00 -60.00 -66.00
17.00 -107.00 -66.00 | 33.00 -58.00 -68.00
16.00 -108.00 -65.00 | 32.00 -59.00 -67.00
15.00 -107.00 -65.00 | 31.00 -59.00 -68.00
10.00 -106.00 -70.00 | 27.00 -59.00 -71.00
5.00 -108.00 -68.00 | 21.00 -60.00 -73.00
2.00 -107.00 -72.00 | 20.00 -59.00 -75.00
-1.00 -107.00 -71.00 | 17.00 -59.00 -75.00
-4.00 -107.00 -72.00 | 14.00 -58.00 -75.00
-6.00 -106.00 -73.00 | 12.00 -59.00 -77.00
-7.00 -107.00 -72.00 | 9.00 -59.00 -78.00
-9.00 -107.00 -73.00 | 8.00 -59.00 -79.00
-11.00 -107.00 -74.00 | 5.00 -58.00 -80.00
-14.00 -106.00 -75.00 | 3.00 -59.00 -80.00
-15.00 -105.00 -75.00 | 1.00 -58.00 -81.00
-17.00 -106.00 -74.00 | -4.00 -58.00 -82.00
-21.00 -104.00 -76.00 | -4.00 -57.00 -82.00
-23.00 -104.00 -77.00 | -7.00 -57.00 -81.00
-24.00 -103.00 -77.00 | -9.00 -55.00 -83.00
-27.00 -103.00 -78.00 | -13.00 -55.00 -85.00
-30.00 -102.00 -78.00 | -17.00 -54.00 -86.00
-31.00 -101.00 -79.00 | -18.00 -54.00 -85.00
-31.00 -102.00 -79.00 | -20.00 -54.00 -85.00
-34.00 -102.00 -78.00 | -23.00 -54.00 -84.00
-37.00 -101.00 -77.00 | -23.00 -54.00 -83.00
-38.00 -101.00 -78.00 | -26.00 -53.00 -83.00
-39.00 -101.00 -78.00 | -26.00 -53.00 -83.00
-41.00 -101.00 -77.00 | -30.00 -53.00 -83.00
-44.00 -99.00 -78.00 | -33.00 -53.00 -81.00
-47.00 -100.00 -74.00 | -33.00 -52.00 -81.00
-48.00 -100.00 -73.00 | -38.00 -54.00 -77.00
-51.00 -100.00 -71.00 | -41.00 -53.00 -75.00
-54.00 -99.00 -71.00 | -43.00 -53.00 -74.00
-56.00 -99.00 -69.00 | -45.00 -53.00 -72.00
-59.00 -98.00 -69.00 | -47.00 -53.00 -72.00
-59.00 -98.00 -68.00 | -48.00 -52.00 -71.00
-62.00 -99.00 -66.00 | -50.00 -52.00 -68.00
-65.00 -98.00 -63.00 | -52.00 -52.00 -67.00
-67.00 -98.00 -62.00 | -56.00 -51.00 -63.00
-70.00 -97.00 -60.00 | -59.00 -52.00 -60.00
-72.00 -97.00 -58.00 | -60.00 -51.00 -60.00
-73.00 -97.00 -54.00 | -62.00 -50.00 -56.00
-75.00 -97.00 -51.00 | -64.00 -51.00 -51.00
-78.00 -96.00 -47.00 | -66.00 -51.00 -47.00
-80.00 -95.00 -44.00 | -68.00 -51.00 -44.00
-81.00 -96.00 -39.00 | -70.00 -51.00 -37.00
-82.00 -96.00 -36.00 | -70.00 -51.00 -35.00
-82.00 -96.00 -31.00 | -70.00 -51.00 -30.00
-84.00 -94.00 -26.00 | -69.00 -52.00 -27.00
-82.00 -95.00 -23.00 | -70.00 -51.00 -21.00
-85.00 -95.00 -18.00 | -71.00 -51.00 -16.00
-84.00 -96.00 -15.00 | -71.00 -52.00 -12.00
-82.00 -95.00 -8.00 | -68.00 -52.00 -5.00
-81.00 -96.00 -1.00 | -66.00 -51.00 1.00
-80.00 -96.00 1.00 | -65.00 -51.00 3.00
-77.00 -98.00 5.00 | -62.00 -51.00 8.00
-76.00 -96.00 9.00 | -60.00 -51.00 13.00
-73.00 -97.00 13.00 | -57.00 -52.00 18.00
-71.00 -97.00 16.00 | -54.00 -52.00 20.00
-67.00 -97.00 22.00 | -49.00 -52.00 26.00
-65.00 -98.00 25.00 | -46.00 -51.00 30.00
-63.00 -98.00 26.00 | -44.00 -51.00 30.00
-60.00 -100.00 28.00 | -41.00 -51.00 32.00
-57.00 -99.00 30.00 | -36.00 -52.00 33.00
-55.00 -99.00 31.00 | -34.00 -52.00 34.00
-53.00 -99.00 34.00 | -32.00 -52.00 37.00
-49.00 -99.00 37.00 | -27.00 -52.00 39.00
-47.00 -100.00 38.00 | -24.00 -52.00 41.00
-43.00 -100.00 40.00 | -22.00 -53.00 41.00
-38.00 -100.00 41.00 | -18.00 -54.00 41.00
-33.00 -101.00 42.00 | -9.00 -53.00 43.00
-31.00 -99.00 45.00 | -10.00 -52.00 46.00
-30.00 -99.00 47.00 | -9.00 -52.00 47.00
-26.00 -99.00 47.00 | -4.00 -53.00 46.00
-21.00 -100.00 47.00 | -1.00 -53.00 47.00
-17.00 -101.00 47.00 | 2.00 -53.00 45.00
-15.00 -102.00 46.00 | 7.00 -54.00 43.00
-9.00 -104.00 44.00 | 11.00 -55.00 43.00
-4.00 -103.00 44.00 | 16.00 -55.00 42.00
-1.00 -104.00 42.00 | 21.00 -55.00 39.00
7.00 -105.00 38.00 | 28.00 -56.00 34.00
12.00 -106.00 34.00 | 31.00 -56.00 31.00
14.00 -107.00 31.00 | 35.00 -56.00 29.00
17.00 -108.00 31.00 | 37.00 -57.00 27.00
20.00 -106.00 29.00 | 39.00 -56.00 27.00
19.00 -107.00 30.00 | 39.00 -56.00 27.00
22.00 -106.00 31.00 | 42.00 -56.00 27.00
23.00 -106.00 29.00 | 42.00 -56.00 26.00
25.00 -106.00 29.00 | 45.00 -55.00 25.00
29.00 -105.00 26.00 | 47.00 -55.00 23.00
32.00 -107.00 21.00 | 50.00 -55.00 18.00
35.00 -106.00 19.00 | 54.00 -55.00 14.00
38.00 -106.00 14.00 | 58.00 -54.00 8.00
42.00 -106.00 9.00 | 59.00 -54.00 6.00
44.00 -107.00 4.00 | 61.00 -55.00 0.00
45.00 -107.00 1.00 | 63.00 -54.00 -5.00
45.00 -108.00 -5.00 | 62.00 -56.00 -9.00
45.00 -108.00 -11.00 | 62.00 -57.00 -16.00
46.00 -109.00 -16.00 | 63.00 -55.00 -22.00
46.00 -108.00 -23.00 | 62.00 -56.00 -27.00
46.00 -109.00 -27.00 | 62.00 -56.00 -34.00
45.00 -108.00 -32.00 | 61.00 -56.00 -38.00
45.00 -108.00 -38.00 | 61.00 -55.00 -41.00
44.00 -108.00 -41.00 | 58.00 -56.00 -47.00
42.00 -106.00 -46.00 | 57.00 -56.00 -53.00
39.00 -106.00 -51.00 | 54.00 -55.00 -58.00
36.00 -106.00 -56.00 | 53.00 -55.00 -61.00
35.00 -105.00 -58.00 | 49.00 -55.00 -63.00
32.00 -106.00 -59.00 | 45.00 -57.00 -64.00
26.00 -107.00 -61.00 | 43.00 -59.00 -65.00
23.00 -107.00 -62.00 | 38.00 -58.00 -66.00
22.00 -107.00 -64.00 | 38.00 -58.00 -67.00
20.00 -107.00 -65.00 | 36.00 -58.00 -68.00
20.00 -106.00 -65.00 | 35.00 -58.00 -70.00
20.00 -107.00 -66.00 | 35.00 -58.00 -69.00
20.00 -106.00 -67.00 | 35.00 -57.00 -70.00


84.00 -495.00 -335.00 | 162.00 -267.00 -348.00
18.00 -105.00 -68.00 | 34.00 -57.00 -71.00
22.00 -105.00 -69.00 | 38.00 -56.00 -72.00
21.00 -105.00 -69.00 | 37.00 -56.00 -71.00
20.00 -105.00 -68.00 | 35.00 -58.00 -70.00
19.00 -106.00 -68.00 | 36.00 -57.00 -70.00
22.00 -103.00 -69.00 | 39.00 -56.00 -72.00
21.00 -104.00 -72.00 | 37.00 -55.00 -75.00
17.00 -103.00 -73.00 | 35.00 -55.00 -77.00
13.00 -104.00 -74.00 | 30.00 -55.00 -79.00
11.00 -102.00 -76.00 | 26.00 -55.00 -81.00
7.00 -102.00 -77.00 | 24.00 -55.00 -81.00
5.00 -101.00 -78.00 | 20.00 -54.00 -84.00
2.00 -102.00 -81.00 | 19.00 -54.00 -85.00
2.00 -101.00 -82.00 | 19.00 -53.00 -87.00
2.00 -101.00 -82.00 | 17.00 -53.00 -88.00
-2.00 -101.00 -82.00 | 15.00 -53.00 -87.00
-8.00 -102.00 -81.00 | 10.00 -55.00 -88.00
-10.00 -102.00 -81.00 | 3.00 -55.00 -86.00
-18.00 -102.00 -80.00 | -1.00 -55.00 -87.00
-24.00 -101.00 -81.00 | -8.00 -55.00 -86.00
-26.00 -101.00 -81.00 | -13.00 -53.00 -87.00
-29.00 -101.00 -83.00 | -14.00 -53.00 -87.00
-32.00 -100.00 -82.00 | -19.00 -53.00 -87.00
-39.00 -99.00 -81.00 | -25.00 -53.00 -86.00
-40.00 -99.00 -81.00 | -30.00 -52.00 -84.00
-45.00 -98.00 -81.00 | -32.00 -52.00 -84.00
-48.00 -97.00 -80.00 | -37.00 -51.00 -83.00
-49.00 -98.00 -77.00 | -40.00 -51.00 -80.00
-53.00 -97.00 -77.00 | -41.00 -51.00 -80.00
-56.00 -96.00 -76.00 | -47.00 -50.00 -78.00
-63.00 -94.00 -74.00 | -52.00 -48.00 -75.00
-68.00 -94.00 -72.00 | -55.00 -47.00 -74.00
-68.00 -93.00 -70.00 | -57.00 -48.00 -70.00
-70.00 -93.00 -68.00 | -59.00 -49.00 -69.00
-73.00 -92.00 -66.00 | -63.00 -48.00 -64.00
-77.00 -92.00 -62.00 | -65.00 -48.00 -62.00
-77.00 -92.00 -60.00 | -67.00 -47.00 -59.00
-80.00 -91.00 -55.00 | -69.00 -47.00 -54.00
-82.00 -90.00 -54.00 | -71.00 -47.00 -52.00
-84.00 -89.00 -51.00 | -73.00 -46.00 -50.00
-86.00 -90.00 -47.00 | -74.00 -46.00 -46.00
-87.00 -90.00 -44.00 | -73.00 -47.00 -42.00
-87.00 -91.00 -43.00 | -75.00 -47.00 -39.00
-88.00 -90.00 -38.00 | -76.00 -46.00 -37.00
-89.00 -90.00 -36.00 | -75.00 -48.00 -33.00
-88.00 -91.00 -31.00 | -75.00 -48.00 -28.00
-88.00 -91.00 -26.00 | -76.00 -48.00 -24.00
-88.00 -92.00 -23.00 | -75.00 -48.00 -20.00
-89.00 -91.00 -21.00 | -75.00 -49.00 -16.00
-88.00 -92.00 -16.00 | -73.00 -49.00 -11.00
-87.00 -93.00 -12.00 | -72.00 -49.00 -9.00
-87.00 -92.00 -9.00 | -71.00 -50.00 -4.00
-84.00 -95.00 -7.00 | -69.00 -50.00 0.00
-84.00 -94.00 -1.00 | -68.00 -49.00 1.00
-82.00 -96.00 1.00 | -66.00 -51.00 6.00
-82.00 -94.00 5.00 | -66.00 -48.00 11.00
-82.00 -92.00 8.00 | -65.00 -49.00 14.00
-80.00 -95.00 10.00 | -62.00 -49.00 16.00
-77.00 -94.00 15.00 | -59.00 -48.00 22.00
-74.00 -94.00 19.00 | -55.00 -49.00 25.00
-71.00 -96.00 23.00 | -53.00 -49.00 28.00
-69.00 -94.00 25.00 | -49.00 -49.00 32.00
-65.00 -94.00 31.00 | -44.00 -47.00 37.00
-64.00 -93.00 33.00 | -43.00 -47.00 39.00
-60.00 -94.00 37.00 | -39.00 -48.00 42.00
-54.00 -96.00 39.00 | -32.00 -48.00 44.00
-51.00 -95.00 42.00 | -29.00 -49.00 46.00
-47.00 -94.00 46.00 | -24.00 -47.00 50.00
-44.00 -93.00 50.00 | -23.00 -46.00 53.00
-43.00 -93.00 50.00 | -19.00 -46.00 52.00
-37.00 -95.00 51.00 | -16.00 -47.00 52.00
-31.00 -96.00 50.00 | -9.00 -49.00 52.00
-24.00 -97.00 51.00 | -2.00 -49.00 51.00
-20.00 -98.00 51.00 | 1.00 -49.00 51.00
-12.00 -100.00 49.00 | 11.00 -51.00 49.00
-6.00 -101.00 48.00 | 17.00 -53.00 47.00
1.00 -102.00 46.00 | 21.00 -52.00 45.00
5.00 -103.00 43.00 | 26.00 -53.00 42.00
8.00 -103.00 42.00 | 32.00 -53.00 39.00
13.00 -103.00 39.00 | 35.00 -54.00 37.00
19.00 -105.00 35.00 | 39.00 -53.00 34.00
20.00 -104.00 36.00 | 41.00 -54.00 33.00
22.00 -104.00 35.00 | 42.00 -53.00 32.00
23.00 -104.00 32.00 | 43.00 -53.00 31.00
26.00 -105.00 30.00 | 45.00 -54.00 28.00
27.00 -105.00 30.00 | 46.00 -53.00 27.00
28.00 -104.00 29.00 | 48.00 -54.00 26.00
32.00 -104.00 27.00 | 52.00 -53.00 25.00
33.00 -105.00 25.00 | 52.00 -52.00 23.00
34.00 -105.00 24.00 | 54.00 -52.00 21.00
36.00 -105.00 22.00 | 55.00 -53.00 19.00
37.00 -105.00 20.00 | 56.00 -53.00 18.00
40.00 -105.00 19.00 | 60.00 -53.00 14.00
41.00 -105.00 15.00 | 62.00 -53.00 9.00
45.00 -106.00 9.00 | 63.00 -52.00 6.00
46.00 -106.00 4.00 | 65.00 -53.00 1.00
48.00 -106.00 -1.00 | 66.00 -53.00 -5.00
48.00 -107.00 -4.00 | 68.00 -53.00 -11.00
50.00 -106.00 -11.00 | 67.00 -53.00 -15.00
50.00 -107.00 -16.00 | 68.00 -53.00 -21.00
50.00 -107.00 -19.00 | 68.00 -53.00 -26.00
50.00 -106.00 -23.00 | 68.00 -54.00 -29.00
49.00 -106.00 -29.00 | 66.00 -53.00 -34.00
49.00 -106.00 -33.00 | 66.00 -52.00 -41.00
48.00 -106.00 -38.00 | 65.00 -53.00 -43.00
47.00 -106.00 -43.00 | 63.00 -52.00 -48.00
46.00 -105.00 -44.00 | 63.00 -52.00 -51.00
45.00 -105.00 -47.00 | 62.00 -53.00 -54.00
44.00 -104.00 -51.00 | 60.00 -52.00 -56.00
41.00 -106.00 -54.00 | 59.00 -52.00 -59.00
39.00 -105.00 -56.00 | 54.00 -53.00 -62.00
36.00 -105.00 -59.00 | 52.00 -53.00 -65.00
33.00 -104.00 -63.00 | 49.00 -54.00 -68.00
32.00 -104.00 -64.00 | 47.00 -54.00 -69.00
29.00 -103.00 -66.00 | 46.00 -54.00 -70.00
27.00 -105.00 -67.00 | 41.00 -54.00 -73.00
22.00 -103.00 -70.00 | 38.00 -54.00 -75.00
21.00 -103.00 -72.00 | 38.00 -54.00 -77.00
20.00 -103.00 -73.00 | 36.00 -54.00 -79.00


