35 33 -128 64 -74 -71 66 -59 59 34 107 61 35 33 -128 64 -74 -71 66 -59 59 34 107 61 35 33 -128 64 -74 -71 66 -59 59 34 107 61 35 33 -128 64 -74 -71 66 -59 59 34 107 61 35 33 -128 64 -74 -71 66 -59 59 34 107 61 35 33 -128 64 -74 -71 66 -59 59 34 107 61 35 33 -128 64 -74 -71 66 -59 59 34 107 61 35 33 -128 64 -74 -71 66 -59 59 34 107 61 
59 13 -37 65 -5 -41 65 1 -1 56 34 -26 59 13 -37 65 -5 -41 65 1 -1 56 34 -26 59 13 -37 65 -5 -41 65 1 -1 56 34 -26 59 13 -37 65 -5 -41 65 1 -1 56 34 -26 59 13 -37 65 -5 -41 65 1 -1 56 34 -26 59 13 -37 65 -5 -41 65 1 -1 56 34 -26 59 13 -37 65 -5 -41 65 1 -1 56 34 -26 59 13 -37 65 -5 -41 65 1 -1 56 34 -26 
58 36 12 53 44 -55 57 -10 -63 68 -32 -15 58 36 12 53 44 -55 57 -10 -63 68 -32 -15 58 36 12 53 44 -55 57 -10 -63 68 -32 -15 58 36 12 53 44 -55 57 -10 -63 68 -32 -15 58 36 12 53 44 -55 57 -10 -63 68 -32 -15 58 36 12 53 44 -55 57 -10 -63 68 -32 -15 58 36 12 53 44 -55 57 -10 -63 68 -32 -15 58 36 12 53 44 -55 57 -10 -63 68 -32 -15 
69 37 27 60 58 -58 62 -10 -83 76 -49 -13 69 37 27 60 58 -58 62 -10 -83 76 -49 -13 69 37 27 60 58 -58 62 -10 -83 76 -49 -13 69 37 27 60 58 -58 62 -10 -83 76 -49 -13 69 37 27 60 58 -58 62 -10 -83 76 -49 -13 69 37 27 60 58 -58 62 -10 -83 76 -49 -13 69 37 27 60 58 -58 62 -10 -83 76 -49 -13 69 37 27 60 58 -58 62 -10 -83 76 -49 -13 
90 44 27 84 65 -56 85 -12 -86 101 -45 -17 90 44 27 84 65 -56 85 -12 -86 101 -45 -17 90 44 27 84 65 -56 85 -12 -86 101 -45 -17 90 44 27 84 65 -56 85 -12 -86 101 -45 -17 90 44 27 84 65 -56 85 -12 -86 101 -45 -17 90 44 27 84 65 -56 85 -12 -86 101 -45 -17 90 44 27 84 65 -56 85 -12 -86 101 -45 -17 90 44 27 84 65 -56 85 -12 -86 101 -45 -17 
88 56 29 80 72 -74 92 -24 -93 106 -47 0 88 56 29 80 72 -74 92 -24 -93 106 -47 0 88 56 29 80 72 -74 92 -24 -93 106 -47 0 88 56 29 80 72 -74 92 -24 -93 106 -47 0 88 56 29 80 72 -74 92 -24 -93 106 -47 0 88 56 29 80 72 -74 92 -24 -93 106 -47 0 88 56 29 80 72 -74 92 -24 -93 106 -47 0 88 56 29 80 72 -74 92 -24 -93 106 -47 0 
72 50 30 67 67 -71 77 -27 -89 88 -51 -1 72 50 30 67 67 -71 77 -27 -89 88 -51 -1 72 50 30 67 67 -71 77 -27 -89 88 -51 -1 72 50 30 67 67 -71 77 -27 -89 88 -51 -1 72 50 30 67 67 -71 77 -27 -89 88 -51 -1 72 50 30 67 67 -71 77 -27 -89 88 -51 -1 72 50 30 67 67 -71 77 -27 -89 88 -51 -1 72 50 30 67 67 -71 77 -27 -89 88 -51 -1 
67 44 27 59 64 -62 66 -18 -86 77 -52 -6 67 44 27 59 64 -62 66 -18 -86 77 -52 -6 67 44 27 59 64 -62 66 -18 -86 77 -52 -6 67 44 27 59 64 -62 66 -18 -86 77 -52 -6 67 44 27 59 64 -62 66 -18 -86 77 -52 -6 67 44 27 59 64 -62 66 -18 -86 77 -52 -6 67 44 27 59 64 -62 66 -18 -86 77 -52 -6 67 44 27 59 64 -62 66 -18 -86 77 -52 -6 
74 53 21 68 58 -70 77 -18 -82 87 -46 -4 74 53 21 68 58 -70 77 -18 -82 87 -46 -4 74 53 21 68 58 -70 77 -18 -82 87 -46 -4 74 53 21 68 58 -70 77 -18 -82 87 -46 -4 74 53 21 68 58 -70 77 -18 -82 87 -46 -4 74 53 21 68 58 -70 77 -18 -82 87 -46 -4 74 53 21 68 58 -70 77 -18 -82 87 -46 -4 74 53 21 68 58 -70 77 -18 -82 87 -46 -4 
79 58 28 74 67 -68 84 -23 -89 96 -52 0 79 58 28 74 67 -68 84 -23 -89 96 -52 0 79 58 28 74 67 -68 84 -23 -89 96 -52 0 79 58 28 74 67 -68 84 -23 -89 96 -52 0 79 58 28 74 67 -68 84 -23 -89 96 -52 0 79 58 28 74 67 -68 84 -23 -89 96 -52 0 79 58 28 74 67 -68 84 -23 -89 96 -52 0 79 58 28 74 67 -68 84 -23 -89 96 -52 0 
90 71 7 83 50 -90 98 -42 -75 107 -30 21 90 71 7 83 50 -90 98 -42 -75 107 -30 21 90 71 7 83 50 -90 98 -42 -75 107 -30 21 90 71 7 83 50 -90 98 -42 -75 107 -30 21 90 71 7 83 50 -90 98 -42 -75 107 -30 21 90 71 7 83 50 -90 98 -42 -75 107 -30 21 90 71 7 83 50 -90 98 -42 -75 107 -30 21 90 71 7 83 50 -90 98 -42 -75 107 -30 21 
97 84 -9 93 45 -101 108 -58 -66 111 -17 39 97 84 -9 93 45 -101 108 -58 -66 111 -17 39 97 84 -9 93 45 -101 108 -58 -66 111 -17 39 97 84 -9 93 45 -101 108 -58 -66 111 -17 39 97 84 -9 93 45 -101 108 -58 -66 111 -17 39 97 84 -9 93 45 -101 108 -58 -66 111 -17 39 97 84 -9 93 45 -101 108 -58 -66 111 -17 39 97 84 -9 93 45 -101 108 -58 -66 111 -17 39 
88 83 -16 87 32 -103 103 -56 -54 103 -12 37 88 83 -16 87 32 -103 103 -56 -54 103 -12 37 88 83 -16 87 32 -103 103 -56 -54 103 -12 37 88 83 -16 87 32 -103 103 -56 -54 103 -12 37 88 83 -16 87 32 -103 103 -56 -54 103 -12 37 88 83 -16 87 32 -103 103 -56 -54 103 -12 37 88 83 -16 87 32 -103 103 -56 -54 103 -12 37 88 83 -16 87 32 -103 103 -56 -54 103 -12 37 
81 80 -10 80 44 -96 96 -56 -57 99 -19 33 81 80 -10 80 44 -96 96 -56 -57 99 -19 33 81 80 -10 80 44 -96 96 -56 -57 99 -19 33 81 80 -10 80 44 -96 96 -56 -57 99 -19 33 81 80 -10 80 44 -96 96 -56 -57 99 -19 33 81 80 -10 80 44 -96 96 -56 -57 99 -19 33 81 80 -10 80 44 -96 96 -56 -57 99 -19 33 81 80 -10 80 44 -96 96 -56 -57 99 -19 33 
73 78 12 70 51 -95 86 -51 -77 92 -39 27 73 78 12 70 51 -95 86 -51 -77 92 -39 27 73 78 12 70 51 -95 86 -51 -77 92 -39 27 73 78 12 70 51 -95 86 -51 -77 92 -39 27 73 78 12 70 51 -95 86 -51 -77 92 -39 27 73 78 12 70 51 -95 86 -51 -77 92 -39 27 73 78 12 70 51 -95 86 -51 -77 92 -39 27 73 78 12 70 51 -95 86 -51 -77 92 -39 27 
73 80 -6 77 37 -94 90 -52 -61 94 -23 31 73 80 -6 77 37 -94 90 -52 -61 94 -23 31 73 80 -6 77 37 -94 90 -52 -61 94 -23 31 73 80 -6 77 37 -94 90 -52 -61 94 -23 31 73 80 -6 77 37 -94 90 -52 -61 94 -23 31 73 80 -6 77 37 -94 90 -52 -61 94 -23 31 73 80 -6 77 37 -94 90 -52 -61 94 -23 31 73 80 -6 77 37 -94 90 -52 -61 94 -23 31 
87 73 2 87 52 -83 101 -36 -74 107 -34 15 87 73 2 87 52 -83 101 -36 -74 107 -34 15 87 73 2 87 52 -83 101 -36 -74 107 -34 15 87 73 2 87 52 -83 101 -36 -74 107 -34 15 87 73 2 87 52 -83 101 -36 -74 107 -34 15 87 73 2 87 52 -83 101 -36 -74 107 -34 15 87 73 2 87 52 -83 101 -36 -74 107 -34 15 87 73 2 87 52 -83 101 -36 -74 107 -34 15 
87 75 -4 89 36 -88 101 -45 -60 106 -20 25 87 75 -4 89 36 -88 101 -45 -60 106 -20 25 87 75 -4 89 36 -88 101 -45 -60 106 -20 25 87 75 -4 89 36 -88 101 -45 -60 106 -20 25 87 75 -4 89 36 -88 101 -45 -60 106 -20 25 87 75 -4 89 36 -88 101 -45 -60 106 -20 25 87 75 -4 89 36 -88 101 -45 -60 106 -20 25 87 75 -4 89 36 -88 101 -45 -60 106 -20 25 
84 77 -17 86 28 -95 95 -56 -53 98 -14 37 84 77 -17 86 28 -95 95 -56 -53 98 -14 37 84 77 -17 86 28 -95 95 -56 -53 98 -14 37 84 77 -17 86 28 -95 95 -56 -53 98 -14 37 84 77 -17 86 28 -95 95 -56 -53 98 -14 37 84 77 -17 86 28 -95 95 -56 -53 98 -14 37 84 77 -17 86 28 -95 95 -56 -53 98 -14 37 84 77 -17 86 28 -95 95 -56 -53 98 -14 37 
74 90 -18 83 21 -108 99 -59 -43 96 -3 42 74 90 -18 83 21 -108 99 -59 -43 96 -3 42 74 90 -18 83 21 -108 99 -59 -43 96 -3 42 74 90 -18 83 21 -108 99 -59 -43 96 -3 42 74 90 -18 83 21 -108 99 -59 -43 96 -3 42 74 90 -18 83 21 -108 99 -59 -43 96 -3 42 74 90 -18 83 21 -108 99 -59 -43 96 -3 42 74 90 -18 83 21 -108 99 -59 -43 96 -3 42 
70 75 -22 74 16 -97 83 -54 -36 80 1 33 70 75 -22 74 16 -97 83 -54 -36 80 1 33 70 75 -22 74 16 -97 83 -54 -36 80 1 33 70 75 -22 74 16 -97 83 -54 -36 80 1 33 70 75 -22 74 16 -97 83 -54 -36 80 1 33 70 75 -22 74 16 -97 83 -54 -36 80 1 33 70 75 -22 74 16 -97 83 -54 -36 80 1 33 70 75 -22 74 16 -97 83 -54 -36 80 1 33 
52 76 -24 57 14 -99 68 -61 -36 64 -1 44 52 76 -24 57 14 -99 68 -61 -36 64 -1 44 52 76 -24 57 14 -99 68 -61 -36 64 -1 44 52 76 -24 57 14 -99 68 -61 -36 64 -1 44 52 76 -24 57 14 -99 68 -61 -36 64 -1 44 52 76 -24 57 14 -99 68 -61 -36 64 -1 44 52 76 -24 57 14 -99 68 -61 -36 64 -1 44 52 76 -24 57 14 -99 68 -61 -36 64 -1 44 
50 81 -4 56 28 -99 70 -58 -54 72 -19 38 50 81 -4 56 28 -99 70 -58 -54 72 -19 38 50 81 -4 56 28 -99 70 -58 -54 72 -19 38 50 81 -4 56 28 -99 70 -58 -54 72 -19 38 50 81 -4 56 28 -99 70 -58 -54 72 -19 38 50 81 -4 56 28 -99 70 -58 -54 72 -19 38 50 81 -4 56 28 -99 70 -58 -54 72 -19 38 50 81 -4 56 28 -99 70 -58 -54 72 -19 38 
53 75 9 51 46 -94 63 -57 -69 69 -39 32 53 75 9 51 46 -94 63 -57 -69 69 -39 32 53 75 9 51 46 -94 63 -57 -69 69 -39 32 53 75 9 51 46 -94 63 -57 -69 69 -39 32 53 75 9 51 46 -94 63 -57 -69 69 -39 32 53 75 9 51 46 -94 63 -57 -69 69 -39 32 53 75 9 51 46 -94 63 -57 -69 69 -39 32 53 75 9 51 46 -94 63 -57 -69 69 -39 32 
56 71 16 49 58 -87 66 -45 -79 76 -45 20 56 71 16 49 58 -87 66 -45 -79 76 -45 20 56 71 16 49 58 -87 66 -45 -79 76 -45 20 56 71 16 49 58 -87 66 -45 -79 76 -45 20 56 71 16 49 58 -87 66 -45 -79 76 -45 20 56 71 16 49 58 -87 66 -45 -79 76 -45 20 56 71 16 49 58 -87 66 -45 -79 76 -45 20 56 71 16 49 58 -87 66 -45 -79 76 -45 20 
54 66 23 46 63 -81 62 -42 -83 68 -52 16 54 66 23 46 63 -81 62 -42 -83 68 -52 16 54 66 23 46 63 -81 62 -42 -83 68 -52 16 54 66 23 46 63 -81 62 -42 -83 68 -52 16 54 66 23 46 63 -81 62 -42 -83 68 -52 16 54 66 23 46 63 -81 62 -42 -83 68 -52 16 54 66 23 46 63 -81 62 -42 -83 68 -52 16 54 66 23 46 63 -81 62 -42 -83 68 -52 16 
50 63 17 43 57 -81 59 -38 -77 69 -41 15 50 63 17 43 57 -81 59 -38 -77 69 -41 15 50 63 17 43 57 -81 59 -38 -77 69 -41 15 50 63 17 43 57 -81 59 -38 -77 69 -41 15 50 63 17 43 57 -81 59 -38 -77 69 -41 15 50 63 17 43 57 -81 59 -38 -77 69 -41 15 50 63 17 43 57 -81 59 -38 -77 69 -41 15 50 63 17 43 57 -81 59 -38 -77 69 -41 15 
41 63 9 38 45 -78 52 -40 -69 58 -35 22 41 63 9 38 45 -78 52 -40 -69 58 -35 22 41 63 9 38 45 -78 52 -40 -69 58 -35 22 41 63 9 38 45 -78 52 -40 -69 58 -35 22 41 63 9 38 45 -78 52 -40 -69 58 -35 22 41 63 9 38 45 -78 52 -40 -69 58 -35 22 41 63 9 38 45 -78 52 -40 -69 58 -35 22 41 63 9 38 45 -78 52 -40 -69 58 -35 22 
38 54 14 35 52 -67 46 -28 -75 53 -41 11 38 54 14 35 52 -67 46 -28 -75 53 -41 11 38 54 14 35 52 -67 46 -28 -75 53 -41 11 38 54 14 35 52 -67 46 -28 -75 53 -41 11 38 54 14 35 52 -67 46 -28 -75 53 -41 11 38 54 14 35 52 -67 46 -28 -75 53 -41 11 38 54 14 35 52 -67 46 -28 -75 53 -41 11 38 54 14 35 52 -67 46 -28 -75 53 -41 11 
35 56 17 35 48 -74 41 -42 -72 49 -36 22 35 56 17 35 48 -74 41 -42 -72 49 -36 22 35 56 17 35 48 -74 41 -42 -72 49 -36 22 35 56 17 35 48 -74 41 -42 -72 49 -36 22 35 56 17 35 48 -74 41 -42 -72 49 -36 22 35 56 17 35 48 -74 41 -42 -72 49 -36 22 35 56 17 35 48 -74 41 -42 -72 49 -36 22 35 56 17 35 48 -74 41 -42 -72 49 -36 22 
40 57 11 36 42 -80 50 -41 -67 54 -33 21 40 57 11 36 42 -80 50 -41 -67 54 -33 21 40 57 11 36 42 -80 50 -41 -67 54 -33 21 40 57 11 36 42 -80 50 -41 -67 54 -33 21 40 57 11 36 42 -80 50 -41 -67 54 -33 21 40 57 11 36 42 -80 50 -41 -67 54 -33 21 40 57 11 36 42 -80 50 -41 -67 54 -33 21 40 57 11 36 42 -80 50 -41 -67 54 -33 21 
38 59 9 41 38 -77 50 -39 -63 54 -32 19 38 59 9 41 38 -77 50 -39 -63 54 -32 19 38 59 9 41 38 -77 50 -39 -63 54 -32 19 38 59 9 41 38 -77 50 -39 -63 54 -32 19 38 59 9 41 38 -77 50 -39 -63 54 -32 19 38 59 9 41 38 -77 50 -39 -63 54 -32 19 38 59 9 41 38 -77 50 -39 -63 54 -32 19 38 59 9 41 38 -77 50 -39 -63 54 -32 19 
39 53 11 37 45 -71 47 -30 -69 54 -38 9 39 53 11 37 45 -71 47 -30 -69 54 -38 9 39 53 11 37 45 -71 47 -30 -69 54 -38 9 39 53 11 37 45 -71 47 -30 -69 54 -38 9 39 53 11 37 45 -71 47 -30 -69 54 -38 9 39 53 11 37 45 -71 47 -30 -69 54 -38 9 39 53 11 37 45 -71 47 -30 -69 54 -38 9 39 53 11 37 45 -71 47 -30 -69 54 -38 9 
40 50 18 37 46 -72 47 -33 -70 53 -40 9 40 50 18 37 46 -72 47 -33 -70 53 -40 9 40 50 18 37 46 -72 47 -33 -70 53 -40 9 40 50 18 37 46 -72 47 -33 -70 53 -40 9 40 50 18 37 46 -72 47 -33 -70 53 -40 9 40 50 18 37 46 -72 47 -33 -70 53 -40 9 40 50 18 37 46 -72 47 -33 -70 53 -40 9 40 50 18 37 46 -72 47 -33 -70 53 -40 9 
52 52 22 45 59 -69 56 -31 -82 65 -48 7 52 52 22 45 59 -69 56 -31 -82 65 -48 7 52 52 22 45 59 -69 56 -31 -82 65 -48 7 52 52 22 45 59 -69 56 -31 -82 65 -48 7 52 52 22 45 59 -69 56 -31 -82 65 -48 7 52 52 22 45 59 -69 56 -31 -82 65 -48 7 52 52 22 45 59 -69 56 -31 -82 65 -48 7 52 52 22 45 59 -69 56 -31 -82 65 -48 7 
73 58 15 77 53 -69 83 -27 -75 86 -41 0 73 58 15 77 53 -69 83 -27 -75 86 -41 0 73 58 15 77 53 -69 83 -27 -75 86 -41 0 73 58 15 77 53 -69 83 -27 -75 86 -41 0 73 58 15 77 53 -69 83 -27 -75 86 -41 0 73 58 15 77 53 -69 83 -27 -75 86 -41 0 73 58 15 77 53 -69 83 -27 -75 86 -41 0 73 58 15 77 53 -69 83 -27 -75 86 -41 0 
98 62 28 95 69 -77 109 -24 -89 117 -44 -2 98 62 28 95 69 -77 109 -24 -89 117 -44 -2 98 62 28 95 69 -77 109 -24 -89 117 -44 -2 98 62 28 95 69 -77 109 -24 -89 117 -44 -2 98 62 28 95 69 -77 109 -24 -89 117 -44 -2 98 62 28 95 69 -77 109 -24 -89 117 -44 -2 98 62 28 95 69 -77 109 -24 -89 117 -44 -2 98 62 28 95 69 -77 109 -24 -89 117 -44 -2 
101 59 36 94 75 -77 110 -27 -97 119 -57 -1 101 59 36 94 75 -77 110 -27 -97 119 -57 -1 101 59 36 94 75 -77 110 -27 -97 119 -57 -1 101 59 36 94 75 -77 110 -27 -97 119 -57 -1 101 59 36 94 75 -77 110 -27 -97 119 -57 -1 101 59 36 94 75 -77 110 -27 -97 119 -57 -1 101 59 36 94 75 -77 110 -27 -97 119 -57 -1 101 59 36 94 75 -77 110 -27 -97 119 -57 -1 
95 68 24 89 68 -82 104 -38 -92 112 -57 10 95 68 24 89 68 -82 104 -38 -92 112 -57 10 95 68 24 89 68 -82 104 -38 -92 112 -57 10 95 68 24 89 68 -82 104 -38 -92 112 -57 10 95 68 24 89 68 -82 104 -38 -92 112 -57 10 95 68 24 89 68 -82 104 -38 -92 112 -57 10 95 68 24 89 68 -82 104 -38 -92 112 -57 10 95 68 24 89 68 -82 104 -38 -92 112 -57 10 
85 61 32 78 69 -75 92 -32 -90 102 -56 3 85 61 32 78 69 -75 92 -32 -90 102 -56 3 85 61 32 78 69 -75 92 -32 -90 102 -56 3 85 61 32 78 69 -75 92 -32 -90 102 -56 3 85 61 32 78 69 -75 92 -32 -90 102 -56 3 85 61 32 78 69 -75 92 -32 -90 102 -56 3 85 61 32 78 69 -75 92 -32 -90 102 -56 3 85 61 32 78 69 -75 92 -32 -90 102 -56 3 
68 58 27 60 59 -76 72 -36 -83 84 -48 10 68 58 27 60 59 -76 72 -36 -83 84 -48 10 68 58 27 60 59 -76 72 -36 -83 84 -48 10 68 58 27 60 59 -76 72 -36 -83 84 -48 10 68 58 27 60 59 -76 72 -36 -83 84 -48 10 68 58 27 60 59 -76 72 -36 -83 84 -48 10 68 58 27 60 59 -76 72 -36 -83 84 -48 10 68 58 27 60 59 -76 72 -36 -83 84 -48 10 
58 58 20 47 62 -72 58 -39 -80 68 -50 9 58 58 20 47 62 -72 58 -39 -80 68 -50 9 58 58 20 47 62 -72 58 -39 -80 68 -50 9 58 58 20 47 62 -72 58 -39 -80 68 -50 9 58 58 20 47 62 -72 58 -39 -80 68 -50 9 58 58 20 47 62 -72 58 -39 -80 68 -50 9 58 58 20 47 62 -72 58 -39 -80 68 -50 9 58 58 20 47 62 -72 58 -39 -80 68 -50 9 
54 53 29 45 64 -72 55 -32 -86 68 -48 8 54 53 29 45 64 -72 55 -32 -86 68 -48 8 54 53 29 45 64 -72 55 -32 -86 68 -48 8 54 53 29 45 64 -72 55 -32 -86 68 -48 8 54 53 29 45 64 -72 55 -32 -86 68 -48 8 54 53 29 45 64 -72 55 -32 -86 68 -48 8 54 53 29 45 64 -72 55 -32 -86 68 -48 8 54 53 29 45 64 -72 55 -32 -86 68 -48 8 
41 51 35 32 67 -66 44 -26 -89 58 -56 4 41 51 35 32 67 -66 44 -26 -89 58 -56 4 41 51 35 32 67 -66 44 -26 -89 58 -56 4 41 51 35 32 67 -66 44 -26 -89 58 -56 4 41 51 35 32 67 -66 44 -26 -89 58 -56 4 41 51 35 32 67 -66 44 -26 -89 58 -56 4 41 51 35 32 67 -66 44 -26 -89 58 -56 4 41 51 35 32 67 -66 44 -26 -89 58 -56 4 
46 56 8 47 47 -65 56 -26 -74 61 -42 2 46 56 8 47 47 -65 56 -26 -74 61 -42 2 46 56 8 47 47 -65 56 -26 -74 61 -42 2 46 56 8 47 47 -65 56 -26 -74 61 -42 2 46 56 8 47 47 -65 56 -26 -74 61 -42 2 46 56 8 47 47 -65 56 -26 -74 61 -42 2 46 56 8 47 47 -65 56 -26 -74 61 -42 2 46 56 8 47 47 -65 56 -26 -74 61 -42 2 
69 55 6 72 44 -68 81 -21 -71 84 -30 3 69 55 6 72 44 -68 81 -21 -71 84 -30 3 69 55 6 72 44 -68 81 -21 -71 84 -30 3 69 55 6 72 44 -68 81 -21 -71 84 -30 3 69 55 6 72 44 -68 81 -21 -71 84 -30 3 69 55 6 72 44 -68 81 -21 -71 84 -30 3 69 55 6 72 44 -68 81 -21 -71 84 -30 3 69 55 6 72 44 -68 81 -21 -71 84 -30 3 
77 50 9 78 49 -60 87 -14 -75 92 -33 -4 77 50 9 78 49 -60 87 -14 -75 92 -33 -4 77 50 9 78 49 -60 87 -14 -75 92 -33 -4 77 50 9 78 49 -60 87 -14 -75 92 -33 -4 77 50 9 78 49 -60 87 -14 -75 92 -33 -4 77 50 9 78 49 -60 87 -14 -75 92 -33 -4 77 50 9 78 49 -60 87 -14 -75 92 -33 -4 77 50 9 78 49 -60 87 -14 -75 92 -33 -4 
51 48 3 53 37 -63 62 -23 -64 66 -30 5 51 48 3 53 37 -63 62 -23 -64 66 -30 5 51 48 3 53 37 -63 62 -23 -64 66 -30 5 51 48 3 53 37 -63 62 -23 -64 66 -30 5 51 48 3 53 37 -63 62 -23 -64 66 -30 5 51 48 3 53 37 -63 62 -23 -64 66 -30 5 51 48 3 53 37 -63 62 -23 -64 66 -30 5 51 48 3 53 37 -63 62 -23 -64 66 -30 5 
28 66 -4 30 27 -82 44 -44 -53 47 -23 28 28 66 -4 30 27 -82 44 -44 -53 47 -23 28 28 66 -4 30 27 -82 44 -44 -53 47 -23 28 28 66 -4 30 27 -82 44 -44 -53 47 -23 28 28 66 -4 30 27 -82 44 -44 -53 47 -23 28 28 66 -4 30 27 -82 44 -44 -53 47 -23 28 28 66 -4 30 27 -82 44 -44 -53 47 -23 28 28 66 -4 30 27 -82 44 -44 -53 47 -23 28 
20 103 -38 34 1 -113 51 -78 -29 50 0 68 20 103 -38 34 1 -113 51 -78 -29 50 0 68 20 103 -38 34 1 -113 51 -78 -29 50 0 68 20 103 -38 34 1 -113 51 -78 -29 50 0 68 20 103 -38 34 1 -113 51 -78 -29 50 0 68 20 103 -38 34 1 -113 51 -78 -29 50 0 68 20 103 -38 34 1 -113 51 -78 -29 50 0 68 20 103 -38 34 1 -113 51 -78 -29 50 0 68 
191 -78 75 208 -40 -19 87 -60 -311 56 -31 -182 191 -78 75 208 -40 -19 87 -60 -311 56 -31 -182 191 -78 75 208 -40 -19 87 -60 -311 56 -31 -182 191 -78 75 208 -40 -19 87 -60 -311 56 -31 -182 191 -78 75 208 -40 -19 87 -60 -311 56 -31 -182 191 -78 75 208 -40 -19 87 -60 -311 56 -31 -182 191 -78 75 208 -40 -19 87 -60 -311 56 -31 -182 191 -78 75 208 -40 -19 87 -60 -311 56 -31 -182 
-24 -75 -16 -37 -27 -10 -11 -75 11 15 -29 0 -24 -75 -16 -37 -27 -10 -11 -75 11 15 -29 0 -24 -75 -16 -37 -27 -10 -11 -75 11 15 -29 0 -24 -75 -16 -37 -27 -10 -11 -75 11 15 -29 0 -24 -75 -16 -37 -27 -10 -11 -75 11 15 -29 0 -24 -75 -16 -37 -27 -10 -11 -75 11 15 -29 0 -24 -75 -16 -37 -27 -10 -11 -75 11 15 -29 0 -24 -75 -16 -37 -27 -10 -11 -75 11 15 -29 0 
-54 -75 1 -52 -36 -1 9 -76 35 21 -35 28 -54 -75 1 -52 -36 -1 9 -76 35 21 -35 28 -54 -75 1 -52 -36 -1 9 -76 35 21 -35 28 -54 -75 1 -52 -36 -1 9 -76 35 21 -35 28 -54 -75 1 -52 -36 -1 9 -76 35 21 -35 28 -54 -75 1 -52 -36 -1 9 -76 35 21 -35 28 -54 -75 1 -52 -36 -1 9 -76 35 21 -35 28 -54 -75 1 -52 -36 -1 9 -76 35 21 -35 28 
-58 -111 17 -57 -59 26 24 -108 39 37 -67 36 -58 -111 17 -57 -59 26 24 -108 39 37 -67 36 -58 -111 17 -57 -59 26 24 -108 39 37 -67 36 -58 -111 17 -57 -59 26 24 -108 39 37 -67 36 -58 -111 17 -57 -59 26 24 -108 39 37 -67 36 -58 -111 17 -57 -59 26 24 -108 39 37 -67 36 -58 -111 17 -57 -59 26 24 -108 39 37 -67 36 -58 -111 17 -57 -59 26 24 -108 39 37 -67 36 
-62 -73 5 -64 -26 5 18 -73 43 29 -32 40 -62 -73 5 -64 -26 5 18 -73 43 29 -32 40 -62 -73 5 -64 -26 5 18 -73 43 29 -32 40 -62 -73 5 -64 -26 5 18 -73 43 29 -32 40 -62 -73 5 -64 -26 5 18 -73 43 29 -32 40 -62 -73 5 -64 -26 5 18 -73 43 29 -32 40 -62 -73 5 -64 -26 5 18 -73 43 29 -32 40 -62 -73 5 -64 -26 5 18 -73 43 29 -32 40 
-51 -85 -1 -53 -38 7 11 -85 36 28 -47 26 -51 -85 -1 -53 -38 7 11 -85 36 28 -47 26 -51 -85 -1 -53 -38 7 11 -85 36 28 -47 26 -51 -85 -1 -53 -38 7 11 -85 36 28 -47 26 -51 -85 -1 -53 -38 7 11 -85 36 28 -47 26 -51 -85 -1 -53 -38 7 11 -85 36 28 -47 26 -51 -85 -1 -53 -38 7 11 -85 36 28 -47 26 -51 -85 -1 -53 -38 7 11 -85 36 28 -47 26 
-67 -97 24 -50 -62 25 38 -104 36 46 -60 35 -67 -97 24 -50 -62 25 38 -104 36 46 -60 35 -67 -97 24 -50 -62 25 38 -104 36 46 -60 35 -67 -97 24 -50 -62 25 38 -104 36 46 -60 35 -67 -97 24 -50 -62 25 38 -104 36 46 -60 35 -67 -97 24 -50 -62 25 38 -104 36 46 -60 35 -67 -97 24 -50 -62 25 38 -104 36 46 -60 35 -67 -97 24 -50 -62 25 38 -104 36 46 -60 35 
-41 -95 33 -32 -53 36 41 -104 11 59 -57 4 -41 -95 33 -32 -53 36 41 -104 11 59 -57 4 -41 -95 33 -32 -53 36 41 -104 11 59 -57 4 -41 -95 33 -32 -53 36 41 -104 11 59 -57 4 -41 -95 33 -32 -53 36 41 -104 11 59 -57 4 -41 -95 33 -32 -53 36 41 -104 11 59 -57 4 -41 -95 33 -32 -53 36 41 -104 11 59 -57 4 -41 -95 33 -32 -53 36 41 -104 11 59 -57 4 
-46 -94 42 -37 -47 41 45 -97 16 62 -51 11 -46 -94 42 -37 -47 41 45 -97 16 62 -51 11 -46 -94 42 -37 -47 41 45 -97 16 62 -51 11 -46 -94 42 -37 -47 41 45 -97 16 62 -51 11 -46 -94 42 -37 -47 41 45 -97 16 62 -51 11 -46 -94 42 -37 -47 41 45 -97 16 62 -51 11 -46 -94 42 -37 -47 41 45 -97 16 62 -51 11 -46 -94 42 -37 -47 41 45 -97 16 62 -51 11 
-60 -99 30 -45 -55 30 43 -105 18 59 -55 17 -60 -99 30 -45 -55 30 43 -105 18 59 -55 17 -60 -99 30 -45 -55 30 43 -105 18 59 -55 17 -60 -99 30 -45 -55 30 43 -105 18 59 -55 17 -60 -99 30 -45 -55 30 43 -105 18 59 -55 17 -60 -99 30 -45 -55 30 43 -105 18 59 -55 17 -60 -99 30 -45 -55 30 43 -105 18 59 -55 17 -60 -99 30 -45 -55 30 43 -105 18 59 -55 17 
-55 -112 31 -44 -69 37 41 -119 16 62 -64 19 -55 -112 31 -44 -69 37 41 -119 16 62 -64 19 -55 -112 31 -44 -69 37 41 -119 16 62 -64 19 -55 -112 31 -44 -69 37 41 -119 16 62 -64 19 -55 -112 31 -44 -69 37 41 -119 16 62 -64 19 -55 -112 31 -44 -69 37 41 -119 16 62 -64 19 -55 -112 31 -44 -69 37 41 -119 16 62 -64 19 -55 -112 31 -44 -69 37 41 -119 16 62 -64 19 
-42 -88 40 -25 -46 40 45 -93 10 60 -44 11 -42 -88 40 -25 -46 40 45 -93 10 60 -44 11 -42 -88 40 -25 -46 40 45 -93 10 60 -44 11 -42 -88 40 -25 -46 40 45 -93 10 60 -44 11 -42 -88 40 -25 -46 40 45 -93 10 60 -44 11 -42 -88 40 -25 -46 40 45 -93 10 60 -44 11 -42 -88 40 -25 -46 40 45 -93 10 60 -44 11 -42 -88 40 -25 -46 40 45 -93 10 60 -44 11 
-54 -76 35 -37 -36 41 46 -79 19 64 -31 20 -54 -76 35 -37 -36 41 46 -79 19 64 -31 20 -54 -76 35 -37 -36 41 46 -79 19 64 -31 20 -54 -76 35 -37 -36 41 46 -79 19 64 -31 20 -54 -76 35 -37 -36 41 46 -79 19 64 -31 20 -54 -76 35 -37 -36 41 46 -79 19 64 -31 20 -54 -76 35 -37 -36 41 46 -79 19 64 -31 20 -54 -76 35 -37 -36 41 46 -79 19 64 -31 20 
-64 -69 34 -48 -29 39 37 -77 31 55 -27 30 -64 -69 34 -48 -29 39 37 -77 31 55 -27 30 -64 -69 34 -48 -29 39 37 -77 31 55 -27 30 -64 -69 34 -48 -29 39 37 -77 31 55 -27 30 -64 -69 34 -48 -29 39 37 -77 31 55 -27 30 -64 -69 34 -48 -29 39 37 -77 31 55 -27 30 -64 -69 34 -48 -29 39 37 -77 31 55 -27 30 -64 -69 34 -48 -29 39 37 -77 31 55 -27 30 
-58 -65 36 -43 -24 39 42 -72 20 62 -23 21 -58 -65 36 -43 -24 39 42 -72 20 62 -23 21 -58 -65 36 -43 -24 39 42 -72 20 62 -23 21 -58 -65 36 -43 -24 39 42 -72 20 62 -23 21 -58 -65 36 -43 -24 39 42 -72 20 62 -23 21 -58 -65 36 -43 -24 39 42 -72 20 62 -23 21 -58 -65 36 -43 -24 39 42 -72 20 62 -23 21 -58 -65 36 -43 -24 39 42 -72 20 62 -23 21 
-58 -57 23 -46 -17 25 28 -63 22 46 -16 25 -58 -57 23 -46 -17 25 28 -63 22 46 -16 25 -58 -57 23 -46 -17 25 28 -63 22 46 -16 25 -58 -57 23 -46 -17 25 28 -63 22 46 -16 25 -58 -57 23 -46 -17 25 28 -63 22 46 -16 25 -58 -57 23 -46 -17 25 28 -63 22 46 -16 25 -58 -57 23 -46 -17 25 28 -63 22 46 -16 25 -58 -57 23 -46 -17 25 28 -63 22 46 -16 25 
-58 -60 25 -48 -11 21 22 -60 26 40 -16 31 -58 -60 25 -48 -11 21 22 -60 26 40 -16 31 -58 -60 25 -48 -11 21 22 -60 26 40 -16 31 -58 -60 25 -48 -11 21 22 -60 26 40 -16 31 -58 -60 25 -48 -11 21 22 -60 26 40 -16 31 -58 -60 25 -48 -11 21 22 -60 26 40 -16 31 -58 -60 25 -48 -11 21 22 -60 26 40 -16 31 -58 -60 25 -48 -11 21 22 -60 26 40 -16 31 
-58 -54 13 -45 -13 18 22 -57 21 40 -14 21 -58 -54 13 -45 -13 18 22 -57 21 40 -14 21 -58 -54 13 -45 -13 18 22 -57 21 40 -14 21 -58 -54 13 -45 -13 18 22 -57 21 40 -14 21 -58 -54 13 -45 -13 18 22 -57 21 40 -14 21 -58 -54 13 -45 -13 18 22 -57 21 40 -14 21 -58 -54 13 -45 -13 18 22 -57 21 40 -14 21 -58 -54 13 -45 -13 18 22 -57 21 40 -14 21 
-57 -51 9 -45 -10 12 15 -50 27 34 -9 26 -57 -51 9 -45 -10 12 15 -50 27 34 -9 26 -57 -51 9 -45 -10 12 15 -50 27 34 -9 26 -57 -51 9 -45 -10 12 15 -50 27 34 -9 26 -57 -51 9 -45 -10 12 15 -50 27 34 -9 26 -57 -51 9 -45 -10 12 15 -50 27 34 -9 26 -57 -51 9 -45 -10 12 15 -50 27 34 -9 26 -57 -51 9 -45 -10 12 15 -50 27 34 -9 26 
-74 -63 8 -59 -19 13 12 -68 42 31 -24 36 -74 -63 8 -59 -19 13 12 -68 42 31 -24 36 -74 -63 8 -59 -19 13 12 -68 42 31 -24 36 -74 -63 8 -59 -19 13 12 -68 42 31 -24 36 -74 -63 8 -59 -19 13 12 -68 42 31 -24 36 -74 -63 8 -59 -19 13 12 -68 42 31 -24 36 -74 -63 8 -59 -19 13 12 -68 42 31 -24 36 -74 -63 8 -59 -19 13 12 -68 42 31 -24 36 
-69 -118 4 -53 -71 12 0 -121 28 24 -79 34 -69 -118 4 -53 -71 12 0 -121 28 24 -79 34 -69 -118 4 -53 -71 12 0 -121 28 24 -79 34 -69 -118 4 -53 -71 12 0 -121 28 24 -79 34 -69 -118 4 -53 -71 12 0 -121 28 24 -79 34 -69 -118 4 -53 -71 12 0 -121 28 24 -79 34 -69 -118 4 -53 -71 12 0 -121 28 24 -79 34 -69 -118 4 -53 -71 12 0 -121 28 24 -79 34 
-81 -118 18 -64 -67 25 7 -124 46 34 -74 49 -81 -118 18 -64 -67 25 7 -124 46 34 -74 49 -81 -118 18 -64 -67 25 7 -124 46 34 -74 49 -81 -118 18 -64 -67 25 7 -124 46 34 -74 49 -81 -118 18 -64 -67 25 7 -124 46 34 -74 49 -81 -118 18 -64 -67 25 7 -124 46 34 -74 49 -81 -118 18 -64 -67 25 7 -124 46 34 -74 49 -81 -118 18 -64 -67 25 7 -124 46 34 -74 49 
-85 -90 10 -70 -52 16 14 -102 48 38 -48 49 -85 -90 10 -70 -52 16 14 -102 48 38 -48 49 -85 -90 10 -70 -52 16 14 -102 48 38 -48 49 -85 -90 10 -70 -52 16 14 -102 48 38 -48 49 -85 -90 10 -70 -52 16 14 -102 48 38 -48 49 -85 -90 10 -70 -52 16 14 -102 48 38 -48 49 -85 -90 10 -70 -52 16 14 -102 48 38 -48 49 -85 -90 10 -70 -52 16 14 -102 48 38 -48 49 
-70 -58 16 -55 -21 22 24 -72 32 43 -23 30 -70 -58 16 -55 -21 22 24 -72 32 43 -23 30 -70 -58 16 -55 -21 22 24 -72 32 43 -23 30 -70 -58 16 -55 -21 22 24 -72 32 43 -23 30 -70 -58 16 -55 -21 22 24 -72 32 43 -23 30 -70 -58 16 -55 -21 22 24 -72 32 43 -23 30 -70 -58 16 -55 -21 22 24 -72 32 43 -23 30 -70 -58 16 -55 -21 22 24 -72 32 43 -23 30 
-84 -58 -1 -71 -23 6 11 -70 45 32 -18 48 -84 -58 -1 -71 -23 6 11 -70 45 32 -18 48 -84 -58 -1 -71 -23 6 11 -70 45 32 -18 48 -84 -58 -1 -71 -23 6 11 -70 45 32 -18 48 -84 -58 -1 -71 -23 6 11 -70 45 32 -18 48 -84 -58 -1 -71 -23 6 11 -70 45 32 -18 48 -84 -58 -1 -71 -23 6 11 -70 45 32 -18 48 -84 -58 -1 -71 -23 6 11 -70 45 32 -18 48 
-56 -68 18 -40 -18 21 23 -72 19 42 -31 15 -56 -68 18 -40 -18 21 23 -72 19 42 -31 15 -56 -68 18 -40 -18 21 23 -72 19 42 -31 15 -56 -68 18 -40 -18 21 23 -72 19 42 -31 15 -56 -68 18 -40 -18 21 23 -72 19 42 -31 15 -56 -68 18 -40 -18 21 23 -72 19 42 -31 15 -56 -68 18 -40 -18 21 23 -72 19 42 -31 15 -56 -68 18 -40 -18 21 23 -72 19 42 -31 15 
-68 -86 6 -49 -39 12 9 -97 24 29 -46 23 -68 -86 6 -49 -39 12 9 -97 24 29 -46 23 -68 -86 6 -49 -39 12 9 -97 24 29 -46 23 -68 -86 6 -49 -39 12 9 -97 24 29 -46 23 -68 -86 6 -49 -39 12 9 -97 24 29 -46 23 -68 -86 6 -49 -39 12 9 -97 24 29 -46 23 -68 -86 6 -49 -39 12 9 -97 24 29 -46 23 -68 -86 6 -49 -39 12 9 -97 24 29 -46 23 
-44 -51 22 -29 -9 32 28 -64 12 45 -14 9 -44 -51 22 -29 -9 32 28 -64 12 45 -14 9 -44 -51 22 -29 -9 32 28 -64 12 45 -14 9 -44 -51 22 -29 -9 32 28 -64 12 45 -14 9 -44 -51 22 -29 -9 32 28 -64 12 45 -14 9 -44 -51 22 -29 -9 32 28 -64 12 45 -14 9 -44 -51 22 -29 -9 32 28 -64 12 45 -14 9 -44 -51 22 -29 -9 32 28 -64 12 45 -14 9 
-14 -65 93 38 -19 142 119 -85 -15 114 -32 -36 -14 -65 93 38 -19 142 119 -85 -15 114 -32 -36 -14 -65 93 38 -19 142 119 -85 -15 114 -32 -36 -14 -65 93 38 -19 142 119 -85 -15 114 -32 -36 -14 -65 93 38 -19 142 119 -85 -15 114 -32 -36 -14 -65 93 38 -19 142 119 -85 -15 114 -32 -36 -14 -65 93 38 -19 142 119 -85 -15 114 -32 -36 -14 -65 93 38 -19 142 119 -85 -15 114 -32 -36 
-52 -70 32 -32 -42 61 25 -100 24 55 -40 31 -52 -70 32 -32 -42 61 25 -100 24 55 -40 31 -52 -70 32 -32 -42 61 25 -100 24 55 -40 31 -52 -70 32 -32 -42 61 25 -100 24 55 -40 31 -52 -70 32 -32 -42 61 25 -100 24 55 -40 31 -52 -70 32 -32 -42 61 25 -100 24 55 -40 31 -52 -70 32 -32 -42 61 25 -100 24 55 -40 31 -52 -70 32 -32 -42 61 25 -100 24 55 -40 31 
-63 -81 1 -46 -37 51 25 -105 18 43 -54 38 -63 -81 1 -46 -37 51 25 -105 18 43 -54 38 -63 -81 1 -46 -37 51 25 -105 18 43 -54 38 -63 -81 1 -46 -37 51 25 -105 18 43 -54 38 -63 -81 1 -46 -37 51 25 -105 18 43 -54 38 -63 -81 1 -46 -37 51 25 -105 18 43 -54 38 -63 -81 1 -46 -37 51 25 -105 18 43 -54 38 -63 -81 1 -46 -37 51 25 -105 18 43 -54 38 
-76 -79 3 -51 -30 47 24 -94 30 48 -37 51 -76 -79 3 -51 -30 47 24 -94 30 48 -37 51 -76 -79 3 -51 -30 47 24 -94 30 48 -37 51 -76 -79 3 -51 -30 47 24 -94 30 48 -37 51 -76 -79 3 -51 -30 47 24 -94 30 48 -37 51 -76 -79 3 -51 -30 47 24 -94 30 48 -37 51 -76 -79 3 -51 -30 47 24 -94 30 48 -37 51 -76 -79 3 -51 -30 47 24 -94 30 48 -37 51 
-136 -69 -34 -101 -32 7 -14 -73 79 -10 5 119 -136 -69 -34 -101 -32 7 -14 -73 79 -10 5 119 -136 -69 -34 -101 -32 7 -14 -73 79 -10 5 119 -136 -69 -34 -101 -32 7 -14 -73 79 -10 5 119 -136 -69 -34 -101 -32 7 -14 -73 79 -10 5 119 -136 -69 -34 -101 -32 7 -14 -73 79 -10 5 119 -136 -69 -34 -101 -32 7 -14 -73 79 -10 5 119 -136 -69 -34 -101 -32 7 -14 -73 79 -10 5 119 
-47 -30 -27 -41 -12 -4 -26 -43 15 -10 1 27 -47 -30 -27 -41 -12 -4 -26 -43 15 -10 1 27 -47 -30 -27 -41 -12 -4 -26 -43 15 -10 1 27 -47 -30 -27 -41 -12 -4 -26 -43 15 -10 1 27 -47 -30 -27 -41 -12 -4 -26 -43 15 -10 1 27 -47 -30 -27 -41 -12 -4 -26 -43 15 -10 1 27 -47 -30 -27 -41 -12 -4 -26 -43 15 -10 1 27 -47 -30 -27 -41 -12 -4 -26 -43 15 -10 1 27 
-52 -86 -10 -35 -38 31 17 -92 18 35 -40 37 -52 -86 -10 -35 -38 31 17 -92 18 35 -40 37 -52 -86 -10 -35 -38 31 17 -92 18 35 -40 37 -52 -86 -10 -35 -38 31 17 -92 18 35 -40 37 -52 -86 -10 -35 -38 31 17 -92 18 35 -40 37 -52 -86 -10 -35 -38 31 17 -92 18 35 -40 37 -52 -86 -10 -35 -38 31 17 -92 18 35 -40 37 -52 -86 -10 -35 -38 31 17 -92 18 35 -40 37 
-48 -102 7 -31 -37 46 30 -99 14 51 -50 29 -48 -102 7 -31 -37 46 30 -99 14 51 -50 29 -48 -102 7 -31 -37 46 30 -99 14 51 -50 29 -48 -102 7 -31 -37 46 30 -99 14 51 -50 29 -48 -102 7 -31 -37 46 30 -99 14 51 -50 29 -48 -102 7 -31 -37 46 30 -99 14 51 -50 29 -48 -102 7 -31 -37 46 30 -99 14 51 -50 29 -48 -102 7 -31 -37 46 30 -99 14 51 -50 29 
-48 -100 28 -31 -29 59 44 -96 10 63 -46 22 -48 -100 28 -31 -29 59 44 -96 10 63 -46 22 -48 -100 28 -31 -29 59 44 -96 10 63 -46 22 -48 -100 28 -31 -29 59 44 -96 10 63 -46 22 -48 -100 28 -31 -29 59 44 -96 10 63 -46 22 -48 -100 28 -31 -29 59 44 -96 10 63 -46 22 -48 -100 28 -31 -29 59 44 -96 10 63 -46 22 -48 -100 28 -31 -29 59 44 -96 10 63 -46 22 
-42 -101 52 -26 -21 68 64 -88 8 80 -33 12 -42 -101 52 -26 -21 68 64 -88 8 80 -33 12 -42 -101 52 -26 -21 68 64 -88 8 80 -33 12 -42 -101 52 -26 -21 68 64 -88 8 80 -33 12 -42 -101 52 -26 -21 68 64 -88 8 80 -33 12 -42 -101 52 -26 -21 68 64 -88 8 80 -33 12 -42 -101 52 -26 -21 68 64 -88 8 80 -33 12 -42 -101 52 -26 -21 68 64 -88 8 80 -33 12 
-56 -86 28 -33 -39 69 44 -109 12 61 -53 30 -56 -86 28 -33 -39 69 44 -109 12 61 -53 30 -56 -86 28 -33 -39 69 44 -109 12 61 -53 30 -56 -86 28 -33 -39 69 44 -109 12 61 -53 30 -56 -86 28 -33 -39 69 44 -109 12 61 -53 30 -56 -86 28 -33 -39 69 44 -109 12 61 -53 30 -56 -86 28 -33 -39 69 44 -109 12 61 -53 30 -56 -86 28 -33 -39 69 44 -109 12 61 -53 30 
-17 -113 32 1 -49 76 58 -114 -22 81 -71 2 -17 -113 32 1 -49 76 58 -114 -22 81 -71 2 -17 -113 32 1 -49 76 58 -114 -22 81 -71 2 -17 -113 32 1 -49 76 58 -114 -22 81 -71 2 -17 -113 32 1 -49 76 58 -114 -22 81 -71 2 -17 -113 32 1 -49 76 58 -114 -22 81 -71 2 -17 -113 32 1 -49 76 58 -114 -22 81 -71 2 -17 -113 32 1 -49 76 58 -114 -22 81 -71 2 
-3 -104 44 16 -35 49 51 -89 -40 67 -44 -16 -3 -104 44 16 -35 49 51 -89 -40 67 -44 -16 -3 -104 44 16 -35 49 51 -89 -40 67 -44 -16 -3 -104 44 16 -35 49 51 -89 -40 67 -44 -16 -3 -104 44 16 -35 49 51 -89 -40 67 -44 -16 -3 -104 44 16 -35 49 51 -89 -40 67 -44 -16 -3 -104 44 16 -35 49 51 -89 -40 67 -44 -16 -3 -104 44 16 -35 49 51 -89 -40 67 -44 -16 
-28 -99 49 -5 -28 64 58 -88 -9 74 -37 4 -28 -99 49 -5 -28 64 58 -88 -9 74 -37 4 -28 -99 49 -5 -28 64 58 -88 -9 74 -37 4 -28 -99 49 -5 -28 64 58 -88 -9 74 -37 4 -28 -99 49 -5 -28 64 58 -88 -9 74 -37 4 -28 -99 49 -5 -28 64 58 -88 -9 74 -37 4 -28 -99 49 -5 -28 64 58 -88 -9 74 -37 4 -28 -99 49 -5 -28 64 58 -88 -9 74 -37 4 
-46 -93 35 -24 -20 68 56 -87 8 75 -31 21 -46 -93 35 -24 -20 68 56 -87 8 75 -31 21 -46 -93 35 -24 -20 68 56 -87 8 75 -31 21 -46 -93 35 -24 -20 68 56 -87 8 75 -31 21 -46 -93 35 -24 -20 68 56 -87 8 75 -31 21 -46 -93 35 -24 -20 68 56 -87 8 75 -31 21 -46 -93 35 -24 -20 68 56 -87 8 75 -31 21 -46 -93 35 -24 -20 68 56 -87 8 75 -31 21 
-43 -94 41 -25 -16 64 54 -80 6 75 -27 19 -43 -94 41 -25 -16 64 54 -80 6 75 -27 19 -43 -94 41 -25 -16 64 54 -80 6 75 -27 19 -43 -94 41 -25 -16 64 54 -80 6 75 -27 19 -43 -94 41 -25 -16 64 54 -80 6 75 -27 19 -43 -94 41 -25 -16 64 54 -80 6 75 -27 19 -43 -94 41 -25 -16 64 54 -80 6 75 -27 19 -43 -94 41 -25 -16 64 54 -80 6 75 -27 19 
-48 -89 34 -30 -11 56 49 -74 8 66 -20 20 -48 -89 34 -30 -11 56 49 -74 8 66 -20 20 -48 -89 34 -30 -11 56 49 -74 8 66 -20 20 -48 -89 34 -30 -11 56 49 -74 8 66 -20 20 -48 -89 34 -30 -11 56 49 -74 8 66 -20 20 -48 -89 34 -30 -11 56 49 -74 8 66 -20 20 -48 -89 34 -30 -11 56 49 -74 8 66 -20 20 -48 -89 34 -30 -11 56 49 -74 8 66 -20 20 
-48 -84 39 -31 -12 48 44 -71 10 64 -16 27 -48 -84 39 -31 -12 48 44 -71 10 64 -16 27 -48 -84 39 -31 -12 48 44 -71 10 64 -16 27 -48 -84 39 -31 -12 48 44 -71 10 64 -16 27 -48 -84 39 -31 -12 48 44 -71 10 64 -16 27 -48 -84 39 -31 -12 48 44 -71 10 64 -16 27 -48 -84 39 -31 -12 48 44 -71 10 64 -16 27 -48 -84 39 -31 -12 48 44 -71 10 64 -16 27 
-39 -98 34 -20 -15 58 48 -79 6 67 -23 16 -39 -98 34 -20 -15 58 48 -79 6 67 -23 16 -39 -98 34 -20 -15 58 48 -79 6 67 -23 16 -39 -98 34 -20 -15 58 48 -79 6 67 -23 16 -39 -98 34 -20 -15 58 48 -79 6 67 -23 16 -39 -98 34 -20 -15 58 48 -79 6 67 -23 16 -39 -98 34 -20 -15 58 48 -79 6 67 -23 16 -39 -98 34 -20 -15 58 48 -79 6 67 -23 16 
-40 -73 33 -24 -7 40 40 -61 2 57 -11 5 -40 -73 33 -24 -7 40 40 -61 2 57 -11 5 -40 -73 33 -24 -7 40 40 -61 2 57 -11 5 -40 -73 33 -24 -7 40 40 -61 2 57 -11 5 -40 -73 33 -24 -7 40 40 -61 2 57 -11 5 -40 -73 33 -24 -7 40 40 -61 2 57 -11 5 -40 -73 33 -24 -7 40 40 -61 2 57 -11 5 -40 -73 33 -24 -7 40 40 -61 2 57 -11 5 
-37 -92 39 -14 -14 52 49 -72 3 62 -25 11 -37 -92 39 -14 -14 52 49 -72 3 62 -25 11 -37 -92 39 -14 -14 52 49 -72 3 62 -25 11 -37 -92 39 -14 -14 52 49 -72 3 62 -25 11 -37 -92 39 -14 -14 52 49 -72 3 62 -25 11 -37 -92 39 -14 -14 52 49 -72 3 62 -25 11 -37 -92 39 -14 -14 52 49 -72 3 62 -25 11 -37 -92 39 -14 -14 52 49 -72 3 62 -25 11 
-41 -146 34 -22 -70 63 56 -130 -6 77 -78 16 -41 -146 34 -22 -70 63 56 -130 -6 77 -78 16 -41 -146 34 -22 -70 63 56 -130 -6 77 -78 16 -41 -146 34 -22 -70 63 56 -130 -6 77 -78 16 -41 -146 34 -22 -70 63 56 -130 -6 77 -78 16 -41 -146 34 -22 -70 63 56 -130 -6 77 -78 16 -41 -146 34 -22 -70 63 56 -130 -6 77 -78 16 -41 -146 34 -22 -70 63 56 -130 -6 77 -78 16 
-39 -145 52 -9 -56 91 74 -129 0 93 -71 16 -39 -145 52 -9 -56 91 74 -129 0 93 -71 16 -39 -145 52 -9 -56 91 74 -129 0 93 -71 16 -39 -145 52 -9 -56 91 74 -129 0 93 -71 16 -39 -145 52 -9 -56 91 74 -129 0 93 -71 16 -39 -145 52 -9 -56 91 74 -129 0 93 -71 16 -39 -145 52 -9 -56 91 74 -129 0 93 -71 16 -39 -145 52 -9 -56 91 74 -129 0 93 -71 16 
-36 -117 51 -14 -37 80 67 -109 4 86 -45 16 -36 -117 51 -14 -37 80 67 -109 4 86 -45 16 -36 -117 51 -14 -37 80 67 -109 4 86 -45 16 -36 -117 51 -14 -37 80 67 -109 4 86 -45 16 -36 -117 51 -14 -37 80 67 -109 4 86 -45 16 -36 -117 51 -14 -37 80 67 -109 4 86 -45 16 -36 -117 51 -14 -37 80 67 -109 4 86 -45 16 -36 -117 51 -14 -37 80 67 -109 4 86 -45 16 
-26 -59 36 -1 -15 65 47 -78 -11 62 -27 2 -26 -59 36 -1 -15 65 47 -78 -11 62 -27 2 -26 -59 36 -1 -15 65 47 -78 -11 62 -27 2 -26 -59 36 -1 -15 65 47 -78 -11 62 -27 2 -26 -59 36 -1 -15 65 47 -78 -11 62 -27 2 -26 -59 36 -1 -15 65 47 -78 -11 62 -27 2 -26 -59 36 -1 -15 65 47 -78 -11 62 -27 2 -26 -59 36 -1 -15 65 47 -78 -11 62 -27 2 
-45 -59 27 -15 -6 74 62 -76 2 77 -18 19 -45 -59 27 -15 -6 74 62 -76 2 77 -18 19 -45 -59 27 -15 -6 74 62 -76 2 77 -18 19 -45 -59 27 -15 -6 74 62 -76 2 77 -18 19 -45 -59 27 -15 -6 74 62 -76 2 77 -18 19 -45 -59 27 -15 -6 74 62 -76 2 77 -18 19 -45 -59 27 -15 -6 74 62 -76 2 77 -18 19 -45 -59 27 -15 -6 74 62 -76 2 77 -18 19 
0 -50 35 20 -12 50 43 -66 -27 53 -21 -28 0 -50 35 20 -12 50 43 -66 -27 53 -21 -28 0 -50 35 20 -12 50 43 -66 -27 53 -21 -28 0 -50 35 20 -12 50 43 -66 -27 53 -21 -28 0 -50 35 20 -12 50 43 -66 -27 53 -21 -28 0 -50 35 20 -12 50 43 -66 -27 53 -21 -28 0 -50 35 20 -12 50 43 -66 -27 53 -21 -28 0 -50 35 20 -12 50 43 -66 -27 53 -21 -28 
-24 -102 29 -2 -47 62 40 -116 -11 54 -61 10 -24 -102 29 -2 -47 62 40 -116 -11 54 -61 10 -24 -102 29 -2 -47 62 40 -116 -11 54 -61 10 -24 -102 29 -2 -47 62 40 -116 -11 54 -61 10 -24 -102 29 -2 -47 62 40 -116 -11 54 -61 10 -24 -102 29 -2 -47 62 40 -116 -11 54 -61 10 -24 -102 29 -2 -47 62 40 -116 -11 54 -61 10 -24 -102 29 -2 -47 62 40 -116 -11 54 -61 10 
-6 -74 22 16 -11 47 47 -75 -27 58 -24 -15 -6 -74 22 16 -11 47 47 -75 -27 58 -24 -15 -6 -74 22 16 -11 47 47 -75 -27 58 -24 -15 -6 -74 22 16 -11 47 47 -75 -27 58 -24 -15 -6 -74 22 16 -11 47 47 -75 -27 58 -24 -15 -6 -74 22 16 -11 47 47 -75 -27 58 -24 -15 -6 -74 22 16 -11 47 47 -75 -27 58 -24 -15 -6 -74 22 16 -11 47 47 -75 -27 58 -24 -15 
47 -80 49 90 -18 62 83 -80 -103 69 -32 -73 47 -80 49 90 -18 62 83 -80 -103 69 -32 -73 47 -80 49 90 -18 62 83 -80 -103 69 -32 -73 47 -80 49 90 -18 62 83 -80 -103 69 -32 -73 47 -80 49 90 -18 62 83 -80 -103 69 -32 -73 47 -80 49 90 -18 62 83 -80 -103 69 -32 -73 47 -80 49 90 -18 62 83 -80 -103 69 -32 -73 47 -80 49 90 -18 62 83 -80 -103 69 -32 -73 
81 -107 -151 54 -52 -71 -102 -96 -94 -61 -60 -84 81 -107 -151 54 -52 -71 -102 -96 -94 -61 -60 -84 81 -107 -151 54 -52 -71 -102 -96 -94 -61 -60 -84 81 -107 -151 54 -52 -71 -102 -96 -94 -61 -60 -84 81 -107 -151 54 -52 -71 -102 -96 -94 -61 -60 -84 81 -107 -151 54 -52 -71 -102 -96 -94 -61 -60 -84 81 -107 -151 54 -52 -71 -102 -96 -94 -61 -60 -84 81 -107 -151 54 -52 -71 -102 -96 -94 -61 -60 -84 
-33 -73 9 -11 -22 43 26 -84 3 37 -31 5 -33 -73 9 -11 -22 43 26 -84 3 37 -31 5 -33 -73 9 -11 -22 43 26 -84 3 37 -31 5 -33 -73 9 -11 -22 43 26 -84 3 37 -31 5 -33 -73 9 -11 -22 43 26 -84 3 37 -31 5 -33 -73 9 -11 -22 43 26 -84 3 37 -31 5 -33 -73 9 -11 -22 43 26 -84 3 37 -31 5 -33 -73 9 -11 -22 43 26 -84 3 37 -31 5 
-48 -90 16 -27 -40 52 28 -103 15 48 -43 28 -48 -90 16 -27 -40 52 28 -103 15 48 -43 28 -48 -90 16 -27 -40 52 28 -103 15 48 -43 28 -48 -90 16 -27 -40 52 28 -103 15 48 -43 28 -48 -90 16 -27 -40 52 28 -103 15 48 -43 28 -48 -90 16 -27 -40 52 28 -103 15 48 -43 28 -48 -90 16 -27 -40 52 28 -103 15 48 -43 28 -48 -90 16 -27 -40 52 28 -103 15 48 -43 28 
-26 -106 42 -3 -39 82 68 -114 -13 81 -62 2 -26 -106 42 -3 -39 82 68 -114 -13 81 -62 2 -26 -106 42 -3 -39 82 68 -114 -13 81 -62 2 -26 -106 42 -3 -39 82 68 -114 -13 81 -62 2 -26 -106 42 -3 -39 82 68 -114 -13 81 -62 2 -26 -106 42 -3 -39 82 68 -114 -13 81 -62 2 -26 -106 42 -3 -39 82 68 -114 -13 81 -62 2 -26 -106 42 -3 -39 82 68 -114 -13 81 -62 2 
-50 -77 29 -33 -19 58 50 -84 12 65 -27 19 -50 -77 29 -33 -19 58 50 -84 12 65 -27 19 -50 -77 29 -33 -19 58 50 -84 12 65 -27 19 -50 -77 29 -33 -19 58 50 -84 12 65 -27 19 -50 -77 29 -33 -19 58 50 -84 12 65 -27 19 -50 -77 29 -33 -19 58 50 -84 12 65 -27 19 -50 -77 29 -33 -19 58 50 -84 12 65 -27 19 -50 -77 29 -33 -19 58 50 -84 12 65 -27 19 
-42 -102 31 -18 -31 61 58 -95 5 64 -39 12 -42 -102 31 -18 -31 61 58 -95 5 64 -39 12 -42 -102 31 -18 -31 61 58 -95 5 64 -39 12 -42 -102 31 -18 -31 61 58 -95 5 64 -39 12 -42 -102 31 -18 -31 61 58 -95 5 64 -39 12 -42 -102 31 -18 -31 61 58 -95 5 64 -39 12 -42 -102 31 -18 -31 61 58 -95 5 64 -39 12 -42 -102 31 -18 -31 61 58 -95 5 64 -39 12 
-39 -127 40 -16 -55 72 63 -120 0 76 -57 22 -39 -127 40 -16 -55 72 63 -120 0 76 -57 22 -39 -127 40 -16 -55 72 63 -120 0 76 -57 22 -39 -127 40 -16 -55 72 63 -120 0 76 -57 22 -39 -127 40 -16 -55 72 63 -120 0 76 -57 22 -39 -127 40 -16 -55 72 63 -120 0 76 -57 22 -39 -127 40 -16 -55 72 63 -120 0 76 -57 22 -39 -127 40 -16 -55 72 63 -120 0 76 -57 22 
-20 -121 38 3 -47 72 63 -112 -18 76 -60 -7 -20 -121 38 3 -47 72 63 -112 -18 76 -60 -7 -20 -121 38 3 -47 72 63 -112 -18 76 -60 -7 -20 -121 38 3 -47 72 63 -112 -18 76 -60 -7 -20 -121 38 3 -47 72 63 -112 -18 76 -60 -7 -20 -121 38 3 -47 72 63 -112 -18 76 -60 -7 -20 -121 38 3 -47 72 63 -112 -18 76 -60 -7 -20 -121 38 3 -47 72 63 -112 -18 76 -60 -7 
-33 -106 53 -9 -35 72 64 -101 -4 78 -47 3 -33 -106 53 -9 -35 72 64 -101 -4 78 -47 3 -33 -106 53 -9 -35 72 64 -101 -4 78 -47 3 -33 -106 53 -9 -35 72 64 -101 -4 78 -47 3 -33 -106 53 -9 -35 72 64 -101 -4 78 -47 3 -33 -106 53 -9 -35 72 64 -101 -4 78 -47 3 -33 -106 53 -9 -35 72 64 -101 -4 78 -47 3 -33 -106 53 -9 -35 72 64 -101 -4 78 -47 3 
-41 -113 50 -24 -41 71 50 -110 12 73 -50 24 -41 -113 50 -24 -41 71 50 -110 12 73 -50 24 -41 -113 50 -24 -41 71 50 -110 12 73 -50 24 -41 -113 50 -24 -41 71 50 -110 12 73 -50 24 -41 -113 50 -24 -41 71 50 -110 12 73 -50 24 -41 -113 50 -24 -41 71 50 -110 12 73 -50 24 -41 -113 50 -24 -41 71 50 -110 12 73 -50 24 -41 -113 50 -24 -41 71 50 -110 12 73 -50 24 
