61.00 93.00 -41.00
58.00 91.00 16.00
-4.00 89.00 58.00
-71.00 89.00 32.00
-94.00 87.00 -17.00
-75.00 86.00 -76.00
-16.00 87.00 -104.00
48.00 90.00 -77.00


2.00 68.00 35.00
-41.00 66.00 34.00
-77.00 64.00 -4.00
-69.00 63.00 -57.00
-30.00 61.00 -88.00
21.00 62.00 -81.00
50.00 63.00 -36.00
36.00 64.00 15.00


11.00 67.00 -47.00
20.00 69.00 -23.00
7.00 69.00 2.00
-16.00 68.00 9.00
-35.00 67.00 1.00
-47.00 65.00 -23.00
-38.00 64.00 -48.00
-14.00 66.00 -56.00


14.00 78.00 -72.00
42.00 81.00 -29.00
33.00 81.00 6.00
-42.00 76.00 25.00
-71.00 73.00 -6.00
-64.00 73.00 -53.00
-27.00 75.00 -81.00
15.00 78.00 -71.00


12.00 100.00 -79.00
43.00 104.00 -36.00
41.00 101.00 7.00
-3.00 99.00 43.00
-46.00 98.00 36.00
-80.00 95.00 -6.00
-74.00 95.00 -52.00
-32.00 96.00 -86.00


20.00 89.00 -82.00
51.00 94.00 -34.00
43.00 95.00 11.00
-7.00 94.00 42.00
-50.00 88.00 38.00
-87.00 84.00 -9.00
-77.00 84.00 -60.00
-31.00 83.00 -94.00


-1.00 75.00 -82.00
39.00 81.00 -46.00
42.00 81.00 -3.00
-36.00 76.00 37.00
-72.00 74.00 2.00
-73.00 71.00 -45.00
-38.00 73.00 -81.00
-39.00 71.00 -80.00


27.00 91.00 -73.00
51.00 93.00 -24.00
29.00 93.00 25.00
-19.00 90.00 43.00
-60.00 86.00 31.00
-86.00 82.00 -7.00
-71.00 83.00 -67.00
-21.00 86.00 -92.00


41.00 100.00 -57.00
45.00 100.00 -1.00
9.00 99.00 37.00
-42.00 97.00 38.00
-78.00 93.00 11.00
-83.00 91.00 -50.00
-45.00 93.00 -87.00
14.00 96.00 -85.00


61.00 105.00 -35.00
46.00 103.00 34.00
-12.00 102.00 59.00
-71.00 103.00 33.00
-91.00 103.00 -12.00
-72.00 99.00 -80.00
-23.00 102.00 -101.00
37.00 103.00 -82.00


54.00 98.00 -35.00
40.00 95.00 25.00
-2.00 94.00 50.00
-58.00 91.00 39.00
-91.00 87.00 -7.00
-79.00 89.00 -63.00
-34.00 91.00 -94.00
28.00 96.00 -81.00


52.00 88.00 -54.00
50.00 91.00 1.00
14.00 89.00 39.00
-40.00 84.00 47.00
-81.00 81.00 11.00
-84.00 78.00 -53.00
-47.00 82.00 -88.00
13.00 86.00 -89.00


45.00 95.00 -47.00
40.00 94.00 13.00
7.00 93.00 41.00
-49.00 90.00 36.00
-78.00 88.00 7.00
-80.00 87.00 -54.00
-39.00 89.00 -88.00
17.00 91.00 -84.00


47.00 100.00 -42.00
43.00 96.00 18.00
0.00 94.00 46.00
-52.00 92.00 41.00
-87.00 90.00 -1.00
-82.00 89.00 -56.00
-33.00 93.00 -92.00
22.00 96.00 -81.00


46.00 100.00 -41.00
42.00 99.00 11.00
4.00 95.00 42.00
-53.00 90.00 39.00
-84.00 89.00 0.00
-79.00 88.00 -55.00
-35.00 91.00 -90.00
21.00 94.00 -81.00


42.00 81.00 -46.00
40.00 78.00 17.00
-4.00 76.00 42.00
-51.00 73.00 34.00
-79.00 71.00 0.00
-74.00 71.00 -53.00
-33.00 74.00 -86.00
22.00 75.00 -78.00


45.00 77.00 -55.00
53.00 75.00 -3.00
17.00 72.00 41.00
-41.00 69.00 45.00
-79.00 65.00 13.00
-86.00 63.00 -45.00
-44.00 66.00 -90.00
23.00 69.00 -86.00


49.00 70.00 -63.00
56.00 72.00 -4.00
26.00 68.00 39.00
-37.00 65.00 49.00
-77.00 62.00 22.00
-91.00 59.00 -35.00
-53.00 62.00 -88.00
6.00 67.00 -96.00


46.00 61.00 -57.00
53.00 61.00 -9.00
26.00 57.00 35.00
-25.00 53.00 48.00
-74.00 51.00 14.00
-79.00 50.00 -47.00
-44.00 53.00 -85.00
6.00 58.00 -89.00


36.00 42.00 -56.00
45.00 43.00 -15.00
18.00 40.00 28.00
-29.00 38.00 32.00
7.00 37.00 33.00
-69.00 35.00 -33.00
-42.00 36.00 -72.00
8.00 40.00 -78.00


32.00 55.00 -67.00
52.00 55.00 -15.00
28.00 55.00 26.00
-26.00 51.00 40.00
-63.00 48.00 18.00
-78.00 46.00 -29.00
-53.00 47.00 -74.00
-3.00 49.00 -88.00


12.00 55.00 -77.00
48.00 56.00 -39.00
39.00 56.00 10.00
-9.00 54.00 39.00
-45.00 50.00 33.00
-75.00 47.00 -7.00
-67.00 48.00 -56.00
-27.00 51.00 -83.00


33.00 67.00 -57.00
46.00 67.00 -14.00
20.00 64.00 28.00
-25.00 62.00 36.00
-65.00 58.00 15.00
-77.00 56.00 -26.00
-47.00 58.00 -75.00
-2.00 60.00 -86.00


28.00 99.00 -65.00
45.00 101.00 -19.00
21.00 100.00 25.00
-28.00 94.00 41.00
-62.00 94.00 21.00
-81.00 91.00 -29.00
-59.00 91.00 -73.00
-9.00 92.00 -88.00


15.00 107.00 -82.00
50.00 107.00 -48.00
40.00 107.00 19.00
-14.00 103.00 53.00
-60.00 101.00 40.00
-95.00 96.00 -8.00
-83.00 98.00 -59.00
-31.00 100.00 -95.00


27.00 101.00 -79.00
56.00 102.00 -32.00
36.00 100.00 29.00
-13.00 98.00 51.00
-63.00 94.00 36.00
-92.00 92.00 -15.00
-76.00 94.00 -68.00
-18.00 97.00 -97.00


36.00 76.00 -67.00
51.00 79.00 -11.00
29.00 75.00 31.00
-28.00 72.00 45.00
-68.00 69.00 22.00
-85.00 70.00 -28.00
-61.00 70.00 -78.00
-2.00 75.00 -93.00


35.00 66.00 -74.00
55.00 67.00 -14.00
34.00 62.00 30.00
-23.00 59.00 47.00
-65.00 56.00 31.00
-88.00 55.00 -24.00
-61.00 55.00 -80.00
-3.00 60.00 -96.00


26.00 61.00 -63.00
42.00 65.00 -15.00
22.00 63.00 20.00
-21.00 62.00 31.00
-51.00 59.00 20.00
-72.00 56.00 -20.00
-55.00 57.00 -64.00
-6.00 58.00 -82.00


14.00 78.00 -60.00
28.00 79.00 -28.00
19.00 80.00 4.00
-9.00 80.00 23.00
-42.00 78.00 16.00
-61.00 76.00 -12.00
-52.00 75.00 -50.00
-16.00 77.00 -69.00


35.00 43.00 -44.00
34.00 44.00 -1.00
9.00 44.00 23.00
-31.00 40.00 23.00
-57.00 39.00 -1.00
-62.00 37.00 -37.00
-33.00 38.00 -71.00
10.00 41.00 -71.00


90.00 38.00 -9.00
36.00 30.00 63.00
-29.00 27.00 70.00
-89.00 26.00 27.00
-106.00 24.00 -33.00
-77.00 23.00 -97.00
8.00 28.00 -123.00
84.00 31.00 -66.00


