46.00 55.00 -136.00
53.00 -21.00 -135.00
57.00 -79.00 -90.00
56.00 -105.00 -19.00
50.00 -77.00 66.00
39.00 17.00 111.00
29.00 117.00 64.00
29.00 138.00 -53.00


64.00 16.00 -37.00
67.00 7.00 -43.00
69.00 -8.00 -41.00
70.00 -16.00 -22.00
67.00 -2.00 -3.00
64.00 20.00 -10.00
62.00 21.00 -27.00
64.00 13.00 -32.00


63.00 26.00 15.00
62.00 49.00 -13.00
61.00 45.00 -47.00
62.00 17.00 -68.00
65.00 -15.00 -64.00
65.00 -36.00 -42.00
66.00 -37.00 -10.00
65.00 -16.00 16.00


73.00 26.00 33.00
73.00 59.00 1.00
71.00 61.00 -44.00
70.00 34.00 -78.00
73.00 -10.00 -84.00
79.00 -41.00 -58.00
81.00 -50.00 -18.00
82.00 -29.00 19.00


92.00 34.00 40.00
93.00 68.00 0.00
92.00 66.00 -51.00
92.00 31.00 -90.00
95.00 -14.00 -90.00
99.00 -52.00 -57.00
101.00 -57.00 -10.00
101.00 -30.00 29.00


85.00 49.00 39.00
83.00 79.00 -8.00
84.00 70.00 -63.00
86.00 26.00 -99.00
90.00 -31.00 -95.00
94.00 -69.00 -49.00
96.00 -64.00 6.00
93.00 -24.00 44.00


73.00 29.00 41.00
73.00 67.00 6.00
72.00 71.00 -45.00
74.00 38.00 -88.00
77.00 -12.00 -95.00
79.00 -55.00 -63.00
81.00 -63.00 -14.00
79.00 -37.00 29.00


80.00 27.00 25.00
79.00 51.00 3.00
76.00 62.00 -35.00
75.00 38.00 -76.00
75.00 -10.00 -86.00
79.00 -45.00 -58.00
82.00 -52.00 -16.00
83.00 -31.00 16.00


87.00 38.00 25.00
85.00 62.00 -4.00
83.00 62.00 -45.00
83.00 34.00 -82.00
86.00 -9.00 -87.00
89.00 -46.00 -62.00
91.00 -56.00 -16.00
91.00 -32.00 24.00


98.00 48.00 18.00
93.00 68.00 -24.00
92.00 57.00 -65.00
93.00 20.00 -89.00
98.00 -25.00 -81.00
102.00 -53.00 -45.00
104.00 -47.00 2.00
104.00 -13.00 30.00


103.00 83.00 -9.00
104.00 74.00 -63.00
107.00 33.00 -99.00
109.00 -22.00 -100.00
115.00 -59.00 -57.00
117.00 -60.00 -3.00
117.00 -22.00 37.00
112.00 30.00 44.00


91.00 86.00 -10.00
92.00 78.00 -66.00
95.00 32.00 -106.00
100.00 -25.00 -102.00
107.00 -63.00 -55.00
110.00 -60.00 0.00
108.00 -21.00 38.00
106.00 27.00 41.00


87.00 78.00 0.00
90.00 66.00 -67.00
91.00 31.00 -98.00
94.00 -18.00 -97.00
99.00 -56.00 -63.00
102.00 -60.00 -11.00
103.00 -32.00 29.00
100.00 19.00 39.00


83.00 69.00 9.00
82.00 76.00 -46.00
81.00 42.00 -95.00
86.00 -14.00 -100.00
90.00 -56.00 -69.00
91.00 -69.00 -16.00
91.00 -41.00 30.00
88.00 13.00 47.00


91.00 60.00 18.00
88.00 76.00 -37.00
88.00 48.00 -83.00
91.00 0.00 -98.00
95.00 -46.00 -76.00
97.00 -65.00 -31.00
100.00 -48.00 17.00
98.00 -2.00 41.00


90.00 65.00 11.00
89.00 74.00 -43.00
89.00 40.00 -90.00
92.00 -13.00 -97.00
97.00 -56.00 -64.00
98.00 -65.00 -15.00
98.00 -39.00 29.00
97.00 11.00 42.00


88.00 79.00 -3.00
89.00 74.00 -60.00
91.00 33.00 -101.00
95.00 -26.00 -100.00
99.00 -66.00 -59.00
100.00 -66.00 -2.00
100.00 -30.00 38.00
97.00 24.00 43.00


88.00 70.00 -12.00
89.00 63.00 -62.00
92.00 24.00 -93.00
93.00 -27.00 -91.00
96.00 -62.00 -52.00
98.00 -60.00 0.00
96.00 -25.00 34.00
93.00 24.00 36.00


65.00 57.00 -16.00
66.00 50.00 -58.00
67.00 17.00 -85.00
67.00 -28.00 -82.00
69.00 -57.00 -48.00
71.00 -54.00 0.00
70.00 -21.00 27.00
70.00 16.00 27.00


56.00 62.00 6.00
54.00 70.00 -43.00
55.00 43.00 -85.00
58.00 -9.00 -99.00
60.00 -57.00 -74.00
63.00 -71.00 -21.00
62.00 -48.00 26.00
60.00 1.00 46.00


58.00 64.00 10.00
58.00 71.00 -40.00
58.00 42.00 -87.00
60.00 -13.00 -100.00
64.00 -56.00 -73.00
67.00 -72.00 -20.00
68.00 -46.00 28.00
66.00 4.00 45.00


56.00 67.00 10.00
55.00 72.00 -44.00
57.00 40.00 -90.00
59.00 -13.00 -100.00
64.00 -60.00 -70.00
67.00 -72.00 -17.00
67.00 -45.00 33.00
65.00 8.00 48.00


50.00 65.00 10.00
55.00 70.00 -41.00
53.00 42.00 -84.00
54.00 -8.00 -98.00
56.00 -55.00 -71.00
59.00 -71.00 -21.00
59.00 -50.00 25.00
59.00 -1.00 46.00


46.00 60.00 8.00
48.00 65.00 -43.00
49.00 36.00 -83.00
50.00 -11.00 -93.00
51.00 -54.00 -66.00
54.00 -66.00 -17.00
54.00 -42.00 28.00
53.00 6.00 41.00


38.00 53.00 7.00
41.00 60.00 -33.00
41.00 39.00 -72.00
42.00 -1.00 -87.00
44.00 -42.00 -69.00
45.00 -60.00 -27.00
47.00 -44.00 16.00
45.00 -2.00 35.00


30.00 46.00 8.00
33.00 55.00 -29.00
34.00 39.00 -66.00
34.00 1.00 -82.00
34.00 -39.00 -66.00
35.00 -55.00 -27.00
33.00 -41.00 12.00
33.00 -4.00 31.00


25.00 48.00 14.00
30.00 60.00 -31.00
32.00 39.00 -72.00
33.00 -3.00 -87.00
35.00 -45.00 -67.00
35.00 -60.00 -23.00
33.00 -42.00 19.00
32.00 0.00 35.00


38.00 49.00 13.00
42.00 60.00 -28.00
43.00 40.00 -69.00
43.00 1.00 -86.00
45.00 -40.00 -70.00
46.00 -58.00 -31.00
46.00 -47.00 12.00
45.00 -7.00 34.00


40.00 44.00 16.00
40.00 59.00 -24.00
41.00 42.00 -66.00
41.00 4.00 -85.00
42.00 -38.00 -73.00
44.00 -60.00 -34.00
45.00 -49.00 10.00
44.00 -12.00 34.00


43.00 33.00 22.00
44.00 55.00 -16.00
45.00 46.00 -55.00
45.00 13.00 -80.00
45.00 -26.00 -76.00
46.00 -54.00 -45.00
47.00 -53.00 -5.00
47.00 -24.00 25.00


46.00 51.00 15.00
48.00 61.00 -30.00
52.00 41.00 -70.00
53.00 -1.00 -86.00
53.00 -41.00 -74.00
54.00 -62.00 -32.00
53.00 -50.00 13.00
53.00 -9.00 35.00


83.00 52.00 12.00
85.00 60.00 -34.00
88.00 37.00 -73.00
90.00 -4.00 -86.00
90.00 -42.00 -67.00
89.00 -57.00 -26.00
89.00 -40.00 15.00
88.00 -1.00 30.00


103.00 53.00 26.00
104.00 70.00 -22.00
106.00 53.00 -71.00
109.00 9.00 -95.00
109.00 -38.00 -86.00
105.00 -74.00 -49.00
106.00 -67.00 10.00
105.00 -23.00 47.00


93.00 55.00 36.00
94.00 79.00 -20.00
96.00 64.00 -73.00
99.00 14.00 -106.00
104.00 -42.00 -94.00
105.00 -75.00 -50.00
107.00 -66.00 11.00
104.00 -22.00 47.00


85.00 56.00 33.00
89.00 75.00 -24.00
85.00 -69.00 -84.00
116.00 22.00 -26.00
79.00 89.00 -14.00
80.00 85.00 -40.00
85.00 78.00 -50.00
88.00 78.00 -41.00


73.00 51.00 32.00
71.00 76.00 -19.00
70.00 59.00 -75.00
73.00 8.00 -101.00
77.00 -43.00 -88.00
82.00 -71.00 -43.00
85.00 -62.00 11.00
84.00 -18.00 43.00


55.00 53.00 20.00
53.00 69.00 -29.00
53.00 48.00 -77.00
53.00 1.00 -97.00
56.00 -50.00 -76.00
60.00 -70.00 -30.00
62.00 -52.00 19.00
62.00 -6.00 42.00


48.00 56.00 23.00
47.00 72.00 -27.00
48.00 51.00 -76.00
50.00 4.00 -98.00
53.00 -47.00 -78.00
58.00 -68.00 -30.00
59.00 -53.00 20.00
59.00 -5.00 44.00


38.00 51.00 30.00
37.00 73.00 -18.00
35.00 58.00 -71.00
38.00 9.00 -99.00
41.00 -44.00 -87.00
46.00 -73.00 -39.00
49.00 -64.00 14.00
48.00 -17.00 47.00


46.00 45.00 8.00
46.00 58.00 -30.00
48.00 36.00 -71.00
49.00 -3.00 -85.00
51.00 -43.00 -67.00
50.00 -60.00 -29.00
50.00 -47.00 11.00
49.00 -8.00 34.00


74.00 43.00 11.00
76.00 57.00 -27.00
77.00 41.00 -64.00
79.00 4.00 -83.00
82.00 -37.00 -70.00
83.00 -56.00 -32.00
81.00 -44.00 7.00
80.00 -8.00 26.00


75.00 35.00 16.00
74.00 51.00 -12.00
75.00 45.00 -53.00
77.00 12.00 -79.00
80.00 -29.00 -73.00
83.00 -53.00 -41.00
83.00 -47.00 -3.00
81.00 -17.00 22.00


49.00 39.00 -6.00
51.00 43.00 -35.00
53.00 24.00 -60.00
55.00 -6.00 -68.00
55.00 -34.00 -55.00
57.00 -45.00 -22.00
57.00 -29.00 9.00
54.00 4.00 20.00


35.00 59.00 -15.00
37.00 52.00 -54.00
39.00 18.00 -81.00
41.00 -23.00 -78.00
43.00 -52.00 -49.00
44.00 -53.00 -5.00
43.00 -26.00 30.00
41.00 20.00 32.00


25.00 110.00 -73.00
34.00 46.00 -128.00
42.00 -32.00 -127.00
47.00 -88.00 -81.00
50.00 -104.00 -6.00
49.00 -64.00 71.00
43.00 23.00 96.00
38.00 106.00 45.00


