64.00 -116.00 -32.00 | 79.00 -67.00 -38.00
62.00 -115.00 -32.00 | 76.00 -69.00 -38.00
62.00 -115.00 -29.00 | 76.00 -69.00 -36.00
67.00 -113.00 -27.00 | 83.00 -65.00 -34.00
63.00 -116.00 -24.00 | 75.00 -70.00 -27.00
59.00 -118.00 -16.00 | 74.00 -71.00 -23.00
60.00 -117.00 -16.00 | 77.00 -68.00 -20.00
61.00 -117.00 -14.00 | 77.00 -69.00 -22.00
60.00 -117.00 -22.00 | 77.00 -68.00 -25.00
59.00 -117.00 -24.00 | 74.00 -69.00 -30.00
58.00 -117.00 -29.00 | 73.00 -70.00 -35.00
58.00 -116.00 -33.00 | 73.00 -70.00 -37.00
55.00 -118.00 -39.00 | 69.00 -70.00 -47.00
53.00 -119.00 -43.00 | 67.00 -71.00 -47.00
54.00 -118.00 -45.00 | 68.00 -71.00 -51.00
51.00 -119.00 -50.00 | 65.00 -71.00 -56.00
49.00 -117.00 -53.00 | 63.00 -71.00 -58.00
47.00 -117.00 -55.00 | 62.00 -71.00 -62.00
43.00 -118.00 -59.00 | 56.00 -72.00 -66.00
39.00 -117.00 -65.00 | 55.00 -72.00 -68.00
38.00 -118.00 -67.00 | 50.00 -71.00 -73.00
34.00 -117.00 -71.00 | 49.00 -71.00 -77.00
33.00 -117.00 -73.00 | 47.00 -71.00 -78.00
32.00 -116.00 -75.00 | 47.00 -70.00 -81.00
29.00 -116.00 -78.00 | 42.00 -70.00 -85.00
26.00 -115.00 -82.00 | 39.00 -68.00 -89.00
24.00 -114.00 -86.00 | 35.00 -67.00 -93.00
17.00 -113.00 -89.00 | 28.00 -67.00 -97.00
7.00 -114.00 -93.00 | 20.00 -66.00 -100.00
4.00 -113.00 -93.00 | 15.00 -66.00 -101.00
-4.00 -113.00 -95.00 | 6.00 -66.00 -102.00
-12.00 -112.00 -97.00 | -2.00 -65.00 -104.00
-17.00 -111.00 -98.00 | -6.00 -65.00 -105.00
-23.00 -111.00 -98.00 | -14.00 -64.00 -103.00
-29.00 -111.00 -96.00 | -21.00 -64.00 -101.00
-34.00 -111.00 -95.00 | -27.00 -64.00 -100.00
-40.00 -110.00 -96.00 | -32.00 -63.00 -101.00
-48.00 -107.00 -96.00 | -40.00 -60.00 -101.00
-53.00 -108.00 -94.00 | -45.00 -60.00 -98.00
-55.00 -108.00 -91.00 | -47.00 -60.00 -95.00
-62.00 -107.00 -88.00 | -55.00 -59.00 -92.00
-65.00 -107.00 -85.00 | -59.00 -59.00 -87.00
-68.00 -108.00 -83.00 | -61.00 -59.00 -86.00
-69.00 -108.00 -81.00 | -62.00 -60.00 -83.00
-71.00 -109.00 -78.00 | -66.00 -59.00 -77.00
-77.00 -108.00 -73.00 | -69.00 -60.00 -74.00
-80.00 -109.00 -68.00 | -72.00 -60.00 -68.00
-84.00 -108.00 -65.00 | -75.00 -59.00 -64.00
-85.00 -108.00 -62.00 | -79.00 -59.00 -59.00
-88.00 -108.00 -57.00 | -79.00 -58.00 -57.00
-90.00 -108.00 -53.00 | -81.00 -59.00 -51.00
-90.00 -108.00 -52.00 | -83.00 -58.00 -50.00
-91.00 -107.00 -52.00 | -83.00 -58.00 -49.00
-94.00 -107.00 -50.00 | -84.00 -57.00 -47.00
-96.00 -107.00 -47.00 | -87.00 -56.00 -40.00
-96.00 -107.00 -40.00 | -88.00 -56.00 -38.00
-99.00 -106.00 -35.00 | -89.00 -57.00 -32.00
-99.00 -107.00 -33.00 | -88.00 -56.00 -28.00
-101.00 -106.00 -27.00 | -89.00 -56.00 -22.00
-102.00 -105.00 -22.00 | -90.00 -55.00 -16.00
-102.00 -105.00 -20.00 | -90.00 -54.00 -12.00
-103.00 -105.00 -17.00 | -90.00 -55.00 -10.00
-103.00 -103.00 -12.00 | -91.00 -53.00 -5.00
-103.00 -103.00 -8.00 | -90.00 -54.00 2.00
-104.00 -102.00 0.00 | -89.00 -52.00 7.00
-103.00 -100.00 9.00 | -89.00 -50.00 17.00
-102.00 -100.00 16.00 | -83.00 -51.00 27.00
-100.00 -100.00 24.00 | -82.00 -50.00 31.00
-96.00 -100.00 30.00 | -79.00 -49.00 37.00
-94.00 -98.00 35.00 | -75.00 -47.00 46.00
-90.00 -98.00 41.00 | -67.00 -49.00 50.00
-84.00 -101.00 43.00 | -64.00 -50.00 50.00
-80.00 -103.00 44.00 | -60.00 -52.00 53.00
-77.00 -103.00 46.00 | -56.00 -52.00 56.00
-74.00 -103.00 50.00 | -54.00 -53.00 56.00
-69.00 -104.00 53.00 | -48.00 -54.00 59.00
-67.00 -104.00 55.00 | -43.00 -53.00 62.00
-62.00 -103.00 59.00 | -41.00 -52.00 64.00
-59.00 -104.00 59.00 | -35.00 -53.00 65.00
-53.00 -105.00 63.00 | -30.00 -53.00 68.00
-46.00 -105.00 67.00 | -26.00 -53.00 70.00
-44.00 -104.00 67.00 | -19.00 -54.00 71.00
-36.00 -105.00 69.00 | -13.00 -55.00 71.00
-32.00 -105.00 69.00 | -7.00 -55.00 72.00
-26.00 -105.00 70.00 | -4.00 -55.00 72.00
-22.00 -105.00 71.00 | 0.00 -56.00 71.00
-19.00 -106.00 71.00 | 5.00 -56.00 70.00
-12.00 -107.00 69.00 | 9.00 -57.00 69.00
-8.00 -108.00 67.00 | 16.00 -58.00 67.00
-1.00 -109.00 66.00 | 21.00 -59.00 63.00
3.00 -110.00 64.00 | 23.00 -60.00 62.00
5.00 -110.00 63.00 | 27.00 -61.00 60.00
9.00 -111.00 62.00 | 30.00 -62.00 59.00
12.00 -111.00 60.00 | 32.00 -61.00 58.00
15.00 -111.00 61.00 | 36.00 -62.00 57.00
19.00 -111.00 58.00 | 41.00 -61.00 55.00
25.00 -111.00 56.00 | 47.00 -61.00 52.00
31.00 -112.00 51.00 | 48.00 -62.00 49.00
33.00 -112.00 48.00 | 53.00 -63.00 43.00
39.00 -113.00 42.00 | 59.00 -64.00 36.00
42.00 -113.00 38.00 | 61.00 -65.00 35.00
45.00 -114.00 34.00 | 64.00 -65.00 27.00
48.00 -115.00 27.00 | 66.00 -67.00 21.00
49.00 -116.00 23.00 | 66.00 -68.00 18.00
53.00 -117.00 18.00 | 69.00 -68.00 12.00
54.00 -117.00 12.00 | 71.00 -69.00 5.00
56.00 -117.00 9.00 | 72.00 -68.00 4.00
58.00 -118.00 3.00 | 74.00 -69.00 -3.00
59.00 -118.00 -3.00 | 74.00 -70.00 -8.00
60.00 -118.00 -8.00 | 74.00 -70.00 -14.00
58.00 -118.00 -11.00 | 72.00 -71.00 -17.00
59.00 -119.00 -17.00 | 73.00 -72.00 -22.00
58.00 -119.00 -20.00 | 72.00 -71.00 -26.00
57.00 -119.00 -22.00 | 72.00 -72.00 -28.00
58.00 -118.00 -26.00 | 72.00 -72.00 -32.00
57.00 -118.00 -30.00 | 70.00 -72.00 -37.00
56.00 -119.00 -31.00 | 71.00 -72.00 -37.00
56.00 -119.00 -34.00 | 69.00 -72.00 -39.00
55.00 -119.00 -34.00 | 69.00 -72.00 -41.00
54.00 -120.00 -36.00 | 68.00 -72.00 -41.00


42.00 -148.00 -21.00 | 59.00 -98.00 -19.00
44.00 -148.00 -21.00 | 61.00 -97.00 -20.00
48.00 -146.00 -21.00 | 65.00 -96.00 -19.00
49.00 -145.00 -16.00 | 67.00 -95.00 -15.00
48.00 -145.00 -14.00 | 65.00 -95.00 -13.00
47.00 -146.00 -9.00 | 64.00 -95.00 -8.00
48.00 -146.00 -10.00 | 67.00 -95.00 -11.00
47.00 -148.00 -16.00 | 65.00 -96.00 -14.00
45.00 -148.00 -23.00 | 61.00 -98.00 -21.00
46.00 -146.00 -26.00 | 62.00 -96.00 -26.00
40.00 -149.00 -28.00 | 59.00 -97.00 -27.00
40.00 -148.00 -30.00 | 58.00 -98.00 -30.00
38.00 -149.00 -34.00 | 56.00 -98.00 -32.00
36.00 -149.00 -37.00 | 54.00 -98.00 -36.00
35.00 -149.00 -39.00 | 52.00 -99.00 -40.00
32.00 -149.00 -44.00 | 51.00 -99.00 -43.00
33.00 -148.00 -46.00 | 50.00 -98.00 -46.00
31.00 -149.00 -48.00 | 49.00 -98.00 -49.00
29.00 -150.00 -50.00 | 48.00 -99.00 -49.00
25.00 -149.00 -53.00 | 46.00 -99.00 -52.00
24.00 -150.00 -54.00 | 42.00 -98.00 -57.00
20.00 -149.00 -57.00 | 39.00 -98.00 -58.00
20.00 -149.00 -61.00 | 39.00 -98.00 -62.00
20.00 -148.00 -64.00 | 38.00 -96.00 -66.00
16.00 -147.00 -67.00 | 35.00 -96.00 -71.00
15.00 -147.00 -71.00 | 33.00 -96.00 -73.00
13.00 -147.00 -72.00 | 29.00 -96.00 -76.00
8.00 -146.00 -74.00 | 25.00 -96.00 -78.00
4.00 -146.00 -78.00 | 23.00 -95.00 -80.00
0.00 -146.00 -78.00 | 16.00 -94.00 -83.00
-5.00 -146.00 -82.00 | 9.00 -94.00 -87.00
-11.00 -144.00 -83.00 | 6.00 -94.00 -87.00
-14.00 -144.00 -84.00 | 1.00 -92.00 -90.00
-18.00 -143.00 -84.00 | -6.00 -92.00 -90.00
-26.00 -143.00 -86.00 | -10.00 -92.00 -92.00
-29.00 -142.00 -86.00 | -17.00 -91.00 -92.00
-34.00 -141.00 -87.00 | -23.00 -90.00 -91.00
-40.00 -140.00 -85.00 | -29.00 -89.00 -90.00
-44.00 -139.00 -84.00 | -31.00 -89.00 -89.00
-46.00 -141.00 -82.00 | -35.00 -89.00 -87.00
-50.00 -140.00 -80.00 | -41.00 -89.00 -83.00
-54.00 -141.00 -77.00 | -42.00 -89.00 -82.00
-57.00 -141.00 -75.00 | -46.00 -89.00 -76.00
-61.00 -140.00 -74.00 | -51.00 -89.00 -76.00
-61.00 -139.00 -74.00 | -54.00 -88.00 -74.00
-67.00 -137.00 -72.00 | -60.00 -86.00 -73.00
-72.00 -137.00 -68.00 | -63.00 -86.00 -68.00
-74.00 -136.00 -68.00 | -68.00 -85.00 -64.00
-78.00 -135.00 -63.00 | -70.00 -85.00 -62.00
-81.00 -135.00 -60.00 | -73.00 -84.00 -57.00
-82.00 -136.00 -57.00 | -76.00 -84.00 -52.00
-85.00 -134.00 -55.00 | -77.00 -84.00 -50.00
-86.00 -133.00 -50.00 | -79.00 -84.00 -44.00
-88.00 -134.00 -46.00 | -80.00 -84.00 -40.00
-88.00 -134.00 -47.00 | -81.00 -84.00 -38.00
-90.00 -134.00 -41.00 | -80.00 -83.00 -34.00
-91.00 -134.00 -38.00 | -80.00 -84.00 -32.00
-92.00 -134.00 -36.00 | -82.00 -83.00 -28.00
-96.00 -132.00 -31.00 | -84.00 -82.00 -22.00
-97.00 -130.00 -26.00 | -86.00 -81.00 -15.00
-100.00 -129.00 -21.00 | -87.00 -80.00 -9.00
-99.00 -130.00 -18.00 | -86.00 -80.00 -6.00
-99.00 -130.00 -15.00 | -85.00 -81.00 -2.00
-98.00 -131.00 -11.00 | -82.00 -82.00 1.00
-97.00 -131.00 -9.00 | -82.00 -83.00 4.00
-98.00 -130.00 -2.00 | -81.00 -81.00 11.00
-98.00 -129.00 2.00 | -79.00 -80.00 18.00
-98.00 -128.00 8.00 | -79.00 -80.00 21.00
-97.00 -127.00 12.00 | -76.00 -79.00 26.00
-94.00 -128.00 15.00 | -74.00 -80.00 29.00
-92.00 -127.00 19.00 | -72.00 -81.00 33.00
-88.00 -128.00 25.00 | -67.00 -81.00 37.00
-86.00 -127.00 32.00 | -64.00 -79.00 43.00
-84.00 -128.00 34.00 | -61.00 -81.00 45.00
-77.00 -129.00 38.00 | -54.00 -82.00 48.00
-73.00 -129.00 42.00 | -50.00 -82.00 51.00
-70.00 -129.00 46.00 | -47.00 -82.00 55.00
-67.00 -127.00 52.00 | -40.00 -81.00 60.00
-60.00 -127.00 55.00 | -36.00 -81.00 62.00
-57.00 -128.00 57.00 | -33.00 -82.00 64.00
-53.00 -128.00 60.00 | -27.00 -82.00 65.00
-51.00 -129.00 60.00 | -24.00 -83.00 65.00
-47.00 -128.00 60.00 | -20.00 -83.00 64.00
-41.00 -130.00 62.00 | -16.00 -84.00 66.00
-36.00 -130.00 63.00 | -12.00 -83.00 67.00
-32.00 -130.00 63.00 | -4.00 -84.00 66.00
-27.00 -131.00 62.00 | -4.00 -84.00 65.00
-21.00 -133.00 61.00 | 1.00 -86.00 62.00
-19.00 -134.00 60.00 | 6.00 -88.00 59.00
-16.00 -136.00 56.00 | 8.00 -89.00 57.00
-11.00 -138.00 52.00 | 11.00 -90.00 53.00
-8.00 -138.00 51.00 | 14.00 -93.00 48.00
-7.00 -140.00 49.00 | 14.00 -93.00 48.00
-3.00 -140.00 49.00 | 17.00 -94.00 47.00
-2.00 -140.00 48.00 | 21.00 -94.00 47.00
3.00 -141.00 47.00 | 25.00 -94.00 44.00
9.00 -141.00 43.00 | 28.00 -93.00 41.00
13.00 -143.00 41.00 | 31.00 -94.00 38.00
15.00 -142.00 39.00 | 34.00 -95.00 37.00
20.00 -143.00 38.00 | 36.00 -94.00 35.00
22.00 -142.00 35.00 | 39.00 -95.00 33.00
25.00 -143.00 33.00 | 44.00 -95.00 30.00
30.00 -143.00 28.00 | 47.00 -94.00 28.00
30.00 -145.00 25.00 | 46.00 -96.00 22.00
32.00 -145.00 19.00 | 49.00 -96.00 16.00
34.00 -147.00 13.00 | 49.00 -98.00 12.00
37.00 -147.00 11.00 | 52.00 -98.00 8.00
39.00 -146.00 5.00 | 55.00 -98.00 2.00
42.00 -147.00 1.00 | 57.00 -97.00 -1.00
44.00 -146.00 -1.00 | 58.00 -97.00 -3.00
44.00 -145.00 -4.00 | 59.00 -97.00 -5.00
45.00 -146.00 -7.00 | 59.00 -97.00 -8.00
43.00 -146.00 -11.00 | 59.00 -97.00 -11.00
45.00 -147.00 -15.00 | 58.00 -97.00 -15.00
44.00 -148.00 -19.00 | 60.00 -97.00 -19.00
44.00 -147.00 -21.00 | 59.00 -98.00 -21.00
45.00 -146.00 -23.00 | 60.00 -96.00 -24.00
46.00 -146.00 -24.00 | 61.00 -96.00 -25.00
46.00 -147.00 -24.00 | 62.00 -96.00 -25.00
45.00 -147.00 -24.00 | 61.00 -96.00 -24.00


28.00 -151.00 28.00 | 49.00 -93.00 33.00
27.00 -150.00 29.00 | 49.00 -91.00 34.00
29.00 -151.00 26.00 | 50.00 -92.00 32.00
32.00 -149.00 29.00 | 54.00 -90.00 33.00
33.00 -147.00 31.00 | 54.00 -89.00 36.00
34.00 -149.00 28.00 | 54.00 -90.00 34.00
31.00 -150.00 24.00 | 53.00 -93.00 29.00
32.00 -151.00 23.00 | 53.00 -93.00 27.00
35.00 -151.00 21.00 | 56.00 -93.00 25.00
36.00 -152.00 16.00 | 58.00 -94.00 21.00
37.00 -153.00 13.00 | 60.00 -94.00 15.00
38.00 -153.00 7.00 | 60.00 -95.00 11.00
38.00 -154.00 3.00 | 61.00 -95.00 7.00
38.00 -155.00 0.00 | 60.00 -96.00 4.00
39.00 -154.00 -2.00 | 61.00 -96.00 1.00
39.00 -154.00 -4.00 | 60.00 -96.00 -2.00
38.00 -156.00 -8.00 | 60.00 -96.00 -5.00
38.00 -156.00 -12.00 | 61.00 -96.00 -9.00
37.00 -156.00 -15.00 | 60.00 -97.00 -15.00
38.00 -156.00 -21.00 | 60.00 -98.00 -19.00
39.00 -157.00 -26.00 | 61.00 -97.00 -25.00
39.00 -155.00 -29.00 | 62.00 -97.00 -30.00
40.00 -156.00 -32.00 | 61.00 -97.00 -32.00
40.00 -154.00 -35.00 | 61.00 -97.00 -38.00
41.00 -155.00 -39.00 | 64.00 -94.00 -43.00
36.00 -155.00 -46.00 | 54.00 -97.00 -50.00
32.00 -156.00 -50.00 | 54.00 -97.00 -52.00
31.00 -154.00 -51.00 | 51.00 -97.00 -57.00
31.00 -153.00 -57.00 | 50.00 -97.00 -62.00
30.00 -153.00 -62.00 | 48.00 -96.00 -64.00
30.00 -152.00 -63.00 | 49.00 -95.00 -69.00
29.00 -152.00 -66.00 | 46.00 -95.00 -70.00
26.00 -152.00 -68.00 | 43.00 -95.00 -72.00
24.00 -152.00 -69.00 | 39.00 -95.00 -75.00
20.00 -153.00 -72.00 | 35.00 -96.00 -79.00
17.00 -150.00 -76.00 | 34.00 -96.00 -79.00
15.00 -151.00 -77.00 | 29.00 -95.00 -81.00
11.00 -151.00 -78.00 | 24.00 -96.00 -82.00
8.00 -151.00 -79.00 | 22.00 -96.00 -84.00
4.00 -150.00 -82.00 | 20.00 -96.00 -85.00
2.00 -149.00 -83.00 | 14.00 -95.00 -88.00
-2.00 -147.00 -87.00 | 10.00 -94.00 -93.00
-7.00 -144.00 -92.00 | 6.00 -93.00 -94.00
-10.00 -145.00 -92.00 | 0.00 -94.00 -96.00
-14.00 -146.00 -91.00 | -5.00 -95.00 -92.00
-18.00 -145.00 -90.00 | -9.00 -95.00 -91.00
-21.00 -145.00 -91.00 | -14.00 -94.00 -92.00
-28.00 -144.00 -91.00 | -19.00 -94.00 -92.00
-31.00 -142.00 -92.00 | -28.00 -94.00 -90.00
-39.00 -140.00 -91.00 | -33.00 -92.00 -90.00
-46.00 -138.00 -92.00 | -40.00 -92.00 -89.00
-51.00 -138.00 -90.00 | -45.00 -92.00 -86.00
-54.00 -137.00 -89.00 | -48.00 -91.00 -85.00
-58.00 -137.00 -88.00 | -52.00 -91.00 -83.00
-64.00 -135.00 -85.00 | -57.00 -90.00 -80.00
-64.00 -134.00 -86.00 | -59.00 -90.00 -79.00
-70.00 -132.00 -83.00 | -65.00 -88.00 -76.00
-76.00 -130.00 -82.00 | -68.00 -89.00 -74.00
-77.00 -131.00 -80.00 | -71.00 -88.00 -73.00
-78.00 -131.00 -78.00 | -70.00 -89.00 -70.00
-82.00 -130.00 -76.00 | -75.00 -88.00 -66.00
-85.00 -129.00 -73.00 | -78.00 -87.00 -63.00
-86.00 -128.00 -72.00 | -77.00 -87.00 -62.00
-88.00 -127.00 -71.00 | -80.00 -87.00 -62.00
-91.00 -126.00 -69.00 | -83.00 -86.00 -56.00
-94.00 -126.00 -65.00 | -85.00 -86.00 -55.00
-96.00 -127.00 -60.00 | -84.00 -87.00 -48.00
-96.00 -127.00 -58.00 | -85.00 -88.00 -46.00
-99.00 -127.00 -52.00 | -88.00 -87.00 -39.00
-102.00 -126.00 -48.00 | -88.00 -88.00 -35.00
-100.00 -127.00 -46.00 | -86.00 -89.00 -34.00
-100.00 -127.00 -42.00 | -90.00 -87.00 -24.00
-106.00 -124.00 -36.00 | -92.00 -85.00 -21.00
-105.00 -125.00 -32.00 | -91.00 -87.00 -17.00
-106.00 -126.00 -29.00 | -90.00 -87.00 -15.00
-103.00 -127.00 -24.00 | -86.00 -87.00 -10.00
-104.00 -127.00 -17.00 | -85.00 -89.00 -4.00
-105.00 -126.00 -14.00 | -88.00 -87.00 0.00
-107.00 -125.00 -7.00 | -88.00 -86.00 6.00
-102.00 -128.00 -3.00 | -83.00 -88.00 10.00
-100.00 -127.00 0.00 | -81.00 -88.00 13.00
-99.00 -127.00 8.00 | -78.00 -87.00 21.00
-99.00 -126.00 11.00 | -77.00 -86.00 26.00
-95.00 -128.00 17.00 | -72.00 -87.00 31.00
-91.00 -128.00 24.00 | -70.00 -87.00 35.00
-88.00 -128.00 29.00 | -66.00 -86.00 40.00
-86.00 -129.00 33.00 | -62.00 -88.00 45.00
-81.00 -130.00 36.00 | -60.00 -87.00 46.00
-77.00 -131.00 39.00 | -55.00 -88.00 48.00
-75.00 -132.00 40.00 | -51.00 -88.00 50.00
-71.00 -132.00 42.00 | -48.00 -89.00 52.00
-68.00 -132.00 45.00 | -45.00 -88.00 53.00
-67.00 -133.00 46.00 | -43.00 -88.00 55.00
-63.00 -134.00 49.00 | -40.00 -88.00 56.00
-59.00 -133.00 51.00 | -36.00 -88.00 59.00
-53.00 -134.00 53.00 | -31.00 -89.00 60.00
-50.00 -135.00 54.00 | -27.00 -87.00 63.00
-45.00 -134.00 58.00 | -23.00 -88.00 65.00
-43.00 -134.00 60.00 | -18.00 -87.00 66.00
-36.00 -135.00 61.00 | -11.00 -86.00 68.00
-28.00 -136.00 61.00 | -9.00 -87.00 67.00
-25.00 -138.00 59.00 | 0.00 -89.00 64.00
-18.00 -139.00 59.00 | 5.00 -88.00 64.00
-13.00 -140.00 59.00 | 7.00 -88.00 64.00
-10.00 -139.00 59.00 | 13.00 -87.00 64.00
-6.00 -140.00 60.00 | 18.00 -88.00 65.00
1.00 -140.00 59.00 | 20.00 -87.00 64.00
6.00 -140.00 58.00 | 26.00 -87.00 63.00
9.00 -141.00 56.00 | 30.00 -87.00 60.00
13.00 -142.00 53.00 | 35.00 -88.00 57.00
16.00 -144.00 49.00 | 36.00 -89.00 54.00
18.00 -145.00 48.00 | 39.00 -89.00 51.00
22.00 -145.00 46.00 | 43.00 -89.00 50.00
25.00 -146.00 42.00 | 46.00 -89.00 46.00
27.00 -146.00 40.00 | 50.00 -89.00 44.00
32.00 -147.00 38.00 | 52.00 -88.00 41.00
32.00 -148.00 36.00 | 53.00 -89.00 39.00
34.00 -148.00 31.00 | 54.00 -91.00 35.00
36.00 -149.00 28.00 | 58.00 -92.00 31.00
37.00 -149.00 25.00 | 59.00 -92.00 27.00


29.00 -121.00 30.00 | 52.00 -63.00 26.00
31.00 -117.00 36.00 | 51.00 -60.00 32.00
31.00 -115.00 41.00 | 52.00 -59.00 34.00
33.00 -116.00 41.00 | 53.00 -58.00 34.00
29.00 -116.00 41.00 | 50.00 -60.00 34.00
31.00 -118.00 38.00 | 51.00 -60.00 33.00
33.00 -118.00 37.00 | 53.00 -60.00 30.00
33.00 -119.00 33.00 | 54.00 -62.00 25.00
35.00 -120.00 28.00 | 54.00 -62.00 24.00
36.00 -121.00 26.00 | 56.00 -64.00 19.00
37.00 -122.00 21.00 | 55.00 -65.00 13.00
38.00 -123.00 16.00 | 56.00 -66.00 11.00
38.00 -124.00 14.00 | 57.00 -67.00 3.00
41.00 -125.00 4.00 | 58.00 -68.00 -4.00
42.00 -126.00 1.00 | 59.00 -68.00 -7.00
43.00 -127.00 -6.00 | 58.00 -68.00 -13.00
44.00 -125.00 -11.00 | 59.00 -68.00 -17.00
47.00 -124.00 -14.00 | 61.00 -68.00 -22.00
49.00 -124.00 -17.00 | 64.00 -66.00 -27.00
50.00 -123.00 -22.00 | 64.00 -67.00 -29.00
50.00 -124.00 -25.00 | 62.00 -67.00 -32.00
46.00 -125.00 -32.00 | 60.00 -68.00 -39.00
45.00 -124.00 -36.00 | 58.00 -68.00 -44.00
46.00 -122.00 -44.00 | 58.00 -66.00 -51.00
45.00 -120.00 -52.00 | 56.00 -66.00 -59.00
38.00 -120.00 -61.00 | 50.00 -67.00 -67.00
36.00 -120.00 -63.00 | 44.00 -67.00 -73.00
30.00 -119.00 -70.00 | 41.00 -67.00 -75.00
24.00 -117.00 -79.00 | 34.00 -65.00 -85.00
20.00 -115.00 -83.00 | 31.00 -64.00 -88.00
16.00 -114.00 -86.00 | 26.00 -63.00 -93.00
10.00 -115.00 -87.00 | 20.00 -65.00 -92.00
6.00 -114.00 -87.00 | 17.00 -65.00 -92.00
1.00 -113.00 -91.00 | 12.00 -64.00 -95.00
-6.00 -112.00 -92.00 | 3.00 -64.00 -96.00
-10.00 -111.00 -93.00 | 0.00 -64.00 -97.00
-14.00 -111.00 -93.00 | -3.00 -64.00 -98.00
-19.00 -110.00 -94.00 | -8.00 -63.00 -98.00
-22.00 -109.00 -94.00 | -12.00 -63.00 -99.00
-25.00 -108.00 -95.00 | -16.00 -64.00 -99.00
-27.00 -108.00 -94.00 | -18.00 -63.00 -98.00
-31.00 -108.00 -94.00 | -22.00 -63.00 -97.00
-33.00 -107.00 -94.00 | -24.00 -63.00 -97.00
-36.00 -107.00 -92.00 | -27.00 -62.00 -97.00
-36.00 -107.00 -92.00 | -30.00 -63.00 -95.00
-39.00 -106.00 -92.00 | -30.00 -63.00 -95.00
-42.00 -106.00 -91.00 | -32.00 -62.00 -94.00
-43.00 -105.00 -89.00 | -37.00 -63.00 -93.00
-48.00 -104.00 -90.00 | -41.00 -61.00 -93.00
-50.00 -104.00 -89.00 | -41.00 -61.00 -93.00
-53.00 -103.00 -87.00 | -45.00 -61.00 -91.00
-56.00 -103.00 -86.00 | -48.00 -61.00 -88.00
-57.00 -104.00 -85.00 | -49.00 -61.00 -88.00
-61.00 -102.00 -84.00 | -52.00 -61.00 -86.00
-62.00 -102.00 -82.00 | -56.00 -60.00 -83.00
-66.00 -102.00 -80.00 | -59.00 -59.00 -82.00
-68.00 -102.00 -77.00 | -60.00 -61.00 -79.00
-69.00 -102.00 -76.00 | -62.00 -61.00 -75.00
-73.00 -102.00 -73.00 | -63.00 -61.00 -75.00
-74.00 -100.00 -73.00 | -68.00 -60.00 -72.00
-76.00 -101.00 -70.00 | -70.00 -59.00 -69.00
-79.00 -100.00 -68.00 | -74.00 -59.00 -66.00
-82.00 -99.00 -63.00 | -76.00 -59.00 -63.00
-84.00 -99.00 -61.00 | -78.00 -59.00 -58.00
-86.00 -99.00 -57.00 | -80.00 -59.00 -54.00
-88.00 -99.00 -54.00 | -80.00 -59.00 -52.00
-88.00 -98.00 -53.00 | -82.00 -59.00 -48.00
-91.00 -98.00 -48.00 | -85.00 -58.00 -44.00
-94.00 -96.00 -42.00 | -86.00 -57.00 -41.00
-96.00 -97.00 -40.00 | -88.00 -57.00 -35.00
-98.00 -95.00 -37.00 | -90.00 -56.00 -30.00
-98.00 -95.00 -30.00 | -90.00 -56.00 -22.00
-102.00 -93.00 -23.00 | -92.00 -55.00 -18.00
-103.00 -93.00 -19.00 | -94.00 -52.00 -9.00
-103.00 -93.00 -12.00 | -92.00 -52.00 -2.00
-101.00 -93.00 -6.00 | -92.00 -52.00 2.00
-100.00 -94.00 -3.00 | -89.00 -52.00 7.00
-100.00 -94.00 1.00 | -87.00 -54.00 12.00
-98.00 -95.00 3.00 | -85.00 -54.00 15.00
-97.00 -95.00 9.00 | -82.00 -54.00 21.00
-93.00 -95.00 15.00 | -79.00 -54.00 27.00
-92.00 -96.00 18.00 | -79.00 -53.00 29.00
-91.00 -96.00 22.00 | -75.00 -53.00 33.00
-88.00 -97.00 26.00 | -72.00 -53.00 37.00
-86.00 -97.00 30.00 | -68.00 -52.00 42.00
-84.00 -97.00 33.00 | -66.00 -53.00 44.00
-80.00 -97.00 37.00 | -61.00 -53.00 48.00
-76.00 -98.00 41.00 | -57.00 -52.00 52.00
-74.00 -97.00 44.00 | -54.00 -53.00 54.00
-68.00 -99.00 48.00 | -48.00 -54.00 57.00
-64.00 -99.00 51.00 | -41.00 -52.00 61.00
-61.00 -100.00 54.00 | -39.00 -52.00 61.00
-57.00 -99.00 55.00 | -34.00 -52.00 64.00
-53.00 -101.00 56.00 | -31.00 -53.00 65.00
-51.00 -101.00 58.00 | -27.00 -53.00 64.00
-46.00 -103.00 60.00 | -22.00 -53.00 66.00
-40.00 -103.00 61.00 | -15.00 -53.00 66.00
-33.00 -104.00 63.00 | -8.00 -54.00 66.00
-31.00 -105.00 62.00 | -6.00 -54.00 66.00
-24.00 -107.00 62.00 | 1.00 -55.00 66.00
-21.00 -107.00 61.00 | 7.00 -56.00 64.00
-15.00 -108.00 61.00 | 10.00 -55.00 63.00
-9.00 -111.00 60.00 | 15.00 -57.00 59.00
-6.00 -112.00 58.00 | 21.00 -58.00 57.00
2.00 -113.00 56.00 | 25.00 -58.00 55.00
6.00 -113.00 54.00 | 32.00 -58.00 52.00
9.00 -113.00 54.00 | 35.00 -59.00 50.00
15.00 -114.00 52.00 | 38.00 -58.00 48.00
17.00 -114.00 51.00 | 40.00 -58.00 48.00
20.00 -114.00 49.00 | 44.00 -58.00 45.00
23.00 -114.00 48.00 | 46.00 -58.00 43.00
26.00 -115.00 48.00 | 47.00 -58.00 42.00
27.00 -116.00 43.00 | 48.00 -59.00 37.00
29.00 -118.00 41.00 | 49.00 -60.00 33.00
30.00 -119.00 38.00 | 51.00 -61.00 32.00
34.00 -119.00 35.00 | 53.00 -62.00 30.00
34.00 -119.00 34.00 | 53.00 -62.00 27.00
32.00 -120.00 34.00 | 53.00 -63.00 26.00
32.00 -120.00 34.00 | 51.00 -62.00 25.00
31.00 -121.00 34.00 | 51.00 -63.00 27.00


28.00 -110.00 16.00 | 44.00 -61.00 12.00
36.00 -107.00 15.00 | 51.00 -58.00 11.00
35.00 -109.00 14.00 | 50.00 -59.00 11.00
32.00 -108.00 16.00 | 48.00 -61.00 12.00
32.00 -109.00 15.00 | 46.00 -60.00 10.00
30.00 -110.00 14.00 | 46.00 -60.00 10.00
28.00 -111.00 13.00 | 43.00 -62.00 9.00
31.00 -111.00 11.00 | 46.00 -62.00 7.00
32.00 -111.00 9.00 | 47.00 -62.00 5.00
32.00 -112.00 5.00 | 47.00 -62.00 1.00
32.00 -114.00 2.00 | 46.00 -65.00 -4.00
33.00 -113.00 -3.00 | 47.00 -64.00 -6.00
34.00 -113.00 -7.00 | 49.00 -64.00 -10.00
34.00 -114.00 -9.00 | 47.00 -63.00 -13.00
33.00 -114.00 -13.00 | 47.00 -65.00 -17.00
34.00 -114.00 -14.00 | 47.00 -64.00 -20.00
35.00 -115.00 -19.00 | 47.00 -64.00 -22.00
35.00 -114.00 -24.00 | 48.00 -64.00 -27.00
35.00 -114.00 -26.00 | 45.00 -65.00 -33.00
33.00 -115.00 -31.00 | 45.00 -65.00 -35.00
33.00 -114.00 -38.00 | 43.00 -64.00 -42.00
34.00 -112.00 -40.00 | 46.00 -62.00 -48.00
32.00 -113.00 -44.00 | 45.00 -62.00 -49.00
29.00 -114.00 -44.00 | 42.00 -64.00 -48.00
28.00 -113.00 -45.00 | 40.00 -64.00 -51.00
26.00 -113.00 -49.00 | 37.00 -63.00 -56.00
25.00 -113.00 -55.00 | 37.00 -63.00 -58.00
24.00 -112.00 -59.00 | 36.00 -62.00 -62.00
21.00 -111.00 -61.00 | 31.00 -61.00 -67.00
18.00 -111.00 -64.00 | 30.00 -61.00 -68.00
17.00 -111.00 -64.00 | 26.00 -60.00 -69.00
12.00 -111.00 -68.00 | 22.00 -62.00 -73.00
8.00 -111.00 -70.00 | 20.00 -60.00 -73.00
6.00 -110.00 -71.00 | 16.00 -60.00 -77.00
2.00 -109.00 -74.00 | 11.00 -60.00 -80.00
0.00 -108.00 -76.00 | 11.00 -59.00 -81.00
-4.00 -109.00 -77.00 | 6.00 -59.00 -80.00
-6.00 -109.00 -75.00 | 4.00 -58.00 -80.00
-9.00 -109.00 -76.00 | 0.00 -60.00 -80.00
-14.00 -109.00 -76.00 | -2.00 -60.00 -80.00
-15.00 -109.00 -76.00 | -6.00 -59.00 -80.00
-20.00 -108.00 -77.00 | -11.00 -59.00 -81.00
-22.00 -108.00 -77.00 | -12.00 -58.00 -82.00
-25.00 -107.00 -77.00 | -15.00 -58.00 -81.00
-27.00 -108.00 -76.00 | -20.00 -58.00 -80.00
-32.00 -107.00 -76.00 | -22.00 -57.00 -80.00
-33.00 -105.00 -77.00 | -25.00 -56.00 -81.00
-38.00 -105.00 -75.00 | -30.00 -57.00 -78.00
-40.00 -105.00 -75.00 | -34.00 -56.00 -78.00
-44.00 -104.00 -74.00 | -35.00 -55.00 -76.00
-48.00 -104.00 -73.00 | -39.00 -54.00 -74.00
-51.00 -104.00 -70.00 | -42.00 -55.00 -73.00
-52.00 -104.00 -71.00 | -45.00 -54.00 -73.00
-53.00 -103.00 -70.00 | -45.00 -55.00 -71.00
-54.00 -104.00 -66.00 | -48.00 -55.00 -69.00
-56.00 -103.00 -66.00 | -47.00 -54.00 -67.00
-57.00 -103.00 -65.00 | -50.00 -54.00 -66.00
-61.00 -102.00 -62.00 | -53.00 -55.00 -64.00
-62.00 -103.00 -61.00 | -54.00 -53.00 -61.00
-65.00 -103.00 -58.00 | -58.00 -53.00 -60.00
-67.00 -101.00 -56.00 | -59.00 -53.00 -55.00
-68.00 -102.00 -54.00 | -62.00 -54.00 -53.00
-70.00 -102.00 -53.00 | -63.00 -53.00 -52.00
-72.00 -103.00 -47.00 | -64.00 -53.00 -47.00
-74.00 -101.00 -46.00 | -65.00 -54.00 -45.00
-73.00 -101.00 -45.00 | -66.00 -52.00 -42.00
-76.00 -101.00 -41.00 | -69.00 -52.00 -39.00
-77.00 -101.00 -39.00 | -69.00 -52.00 -34.00
-77.00 -101.00 -34.00 | -69.00 -52.00 -31.00
-79.00 -100.00 -29.00 | -69.00 -52.00 -26.00
-79.00 -100.00 -27.00 | -71.00 -51.00 -22.00
-79.00 -101.00 -23.00 | -70.00 -52.00 -19.00
-80.00 -101.00 -19.00 | -70.00 -52.00 -15.00
-79.00 -101.00 -17.00 | -69.00 -52.00 -11.00
-81.00 -101.00 -14.00 | -69.00 -52.00 -9.00
-79.00 -101.00 -9.00 | -68.00 -52.00 -3.00
-78.00 -101.00 -4.00 | -66.00 -52.00 2.00
-77.00 -102.00 -2.00 | -64.00 -52.00 4.00
-73.00 -102.00 2.00 | -61.00 -55.00 10.00
-73.00 -102.00 8.00 | -59.00 -53.00 15.00
-72.00 -101.00 10.00 | -58.00 -52.00 17.00
-69.00 -101.00 13.00 | -56.00 -53.00 19.00
-70.00 -101.00 14.00 | -54.00 -53.00 22.00
-65.00 -102.00 20.00 | -50.00 -54.00 26.00
-65.00 -101.00 23.00 | -48.00 -53.00 28.00
-61.00 -101.00 26.00 | -45.00 -53.00 33.00
-61.00 -101.00 28.00 | -43.00 -53.00 35.00
-59.00 -101.00 29.00 | -42.00 -53.00 34.00
-55.00 -101.00 31.00 | -39.00 -53.00 37.00
-53.00 -102.00 32.00 | -35.00 -54.00 38.00
-52.00 -102.00 33.00 | -34.00 -54.00 39.00
-48.00 -102.00 36.00 | -31.00 -53.00 41.00
-46.00 -103.00 37.00 | -26.00 -54.00 41.00
-45.00 -102.00 37.00 | -27.00 -54.00 41.00
-40.00 -103.00 39.00 | -22.00 -55.00 43.00
-36.00 -102.00 42.00 | -17.00 -54.00 45.00
-35.00 -102.00 42.00 | -14.00 -54.00 45.00
-31.00 -104.00 42.00 | -12.00 -55.00 46.00
-26.00 -104.00 44.00 | -8.00 -55.00 45.00
-23.00 -104.00 44.00 | -2.00 -55.00 45.00
-17.00 -104.00 44.00 | 0.00 -56.00 45.00
-16.00 -104.00 44.00 | 6.00 -55.00 45.00
-10.00 -104.00 44.00 | 11.00 -57.00 43.00
-7.00 -105.00 43.00 | 12.00 -56.00 44.00
-5.00 -105.00 42.00 | 15.00 -56.00 41.00
0.00 -107.00 40.00 | 20.00 -57.00 38.00
3.00 -107.00 37.00 | 21.00 -58.00 37.00
7.00 -108.00 34.00 | 24.00 -59.00 33.00
8.00 -107.00 34.00 | 27.00 -59.00 31.00
9.00 -108.00 33.00 | 27.00 -60.00 30.00
12.00 -109.00 31.00 | 29.00 -60.00 29.00
14.00 -109.00 30.00 | 33.00 -59.00 27.00
18.00 -108.00 29.00 | 35.00 -59.00 26.00
20.00 -109.00 27.00 | 37.00 -59.00 25.00
23.00 -109.00 26.00 | 40.00 -60.00 23.00
25.00 -108.00 24.00 | 41.00 -60.00 20.00
25.00 -110.00 21.00 | 41.00 -60.00 18.00
27.00 -109.00 20.00 | 44.00 -61.00 15.00
29.00 -111.00 17.00 | 45.00 -61.00 12.00
31.00 -110.00 15.00 | 46.00 -62.00 10.00


17.00 -120.00 6.00 | 35.00 -71.00 4.00
25.00 -118.00 11.00 | 41.00 -67.00 10.00
26.00 -117.00 14.00 | 42.00 -66.00 12.00
25.00 -117.00 13.00 | 41.00 -68.00 11.00
26.00 -117.00 13.00 | 42.00 -67.00 10.00
27.00 -117.00 12.00 | 42.00 -66.00 10.00
24.00 -119.00 10.00 | 40.00 -68.00 7.00
25.00 -120.00 2.00 | 41.00 -69.00 0.00
26.00 -120.00 -1.00 | 41.00 -70.00 -4.00
27.00 -121.00 -2.00 | 40.00 -70.00 -4.00
27.00 -121.00 -5.00 | 42.00 -70.00 -7.00
26.00 -121.00 -10.00 | 39.00 -71.00 -12.00
26.00 -122.00 -12.00 | 39.00 -71.00 -14.00
23.00 -123.00 -18.00 | 36.00 -72.00 -19.00
21.00 -123.00 -20.00 | 35.00 -73.00 -20.00
22.00 -123.00 -22.00 | 33.00 -74.00 -24.00
21.00 -122.00 -27.00 | 34.00 -73.00 -27.00
22.00 -123.00 -27.00 | 34.00 -73.00 -29.00
20.00 -123.00 -32.00 | 33.00 -73.00 -34.00
21.00 -123.00 -33.00 | 33.00 -71.00 -37.00
22.00 -121.00 -38.00 | 34.00 -71.00 -41.00
21.00 -121.00 -45.00 | 32.00 -71.00 -46.00
21.00 -121.00 -46.00 | 32.00 -71.00 -48.00
21.00 -119.00 -50.00 | 32.00 -70.00 -51.00
18.00 -120.00 -53.00 | 28.00 -70.00 -54.00
15.00 -119.00 -55.00 | 25.00 -69.00 -58.00
14.00 -119.00 -57.00 | 25.00 -69.00 -60.00
13.00 -119.00 -59.00 | 24.00 -69.00 -60.00
11.00 -119.00 -61.00 | 22.00 -69.00 -62.00
11.00 -118.00 -63.00 | 20.00 -69.00 -65.00
7.00 -117.00 -67.00 | 18.00 -68.00 -66.00
4.00 -118.00 -68.00 | 16.00 -67.00 -68.00
3.00 -118.00 -67.00 | 14.00 -68.00 -69.00
-1.00 -118.00 -68.00 | 10.00 -68.00 -69.00
-3.00 -117.00 -69.00 | 8.00 -67.00 -70.00
-5.00 -118.00 -70.00 | 6.00 -67.00 -69.00
-8.00 -117.00 -70.00 | 2.00 -67.00 -72.00
-11.00 -116.00 -71.00 | 0.00 -67.00 -73.00
-15.00 -116.00 -72.00 | -3.00 -67.00 -73.00
-17.00 -117.00 -70.00 | -7.00 -67.00 -71.00
-21.00 -116.00 -70.00 | -9.00 -67.00 -71.00
-24.00 -116.00 -71.00 | -14.00 -67.00 -72.00
-27.00 -116.00 -71.00 | -16.00 -66.00 -71.00
-29.00 -115.00 -70.00 | -17.00 -67.00 -71.00
-29.00 -115.00 -68.00 | -21.00 -66.00 -68.00
-32.00 -115.00 -68.00 | -22.00 -66.00 -68.00
-34.00 -114.00 -68.00 | -24.00 -66.00 -68.00
-37.00 -114.00 -69.00 | -28.00 -65.00 -69.00
-39.00 -113.00 -68.00 | -31.00 -65.00 -68.00
-43.00 -113.00 -67.00 | -32.00 -64.00 -67.00
-47.00 -113.00 -66.00 | -37.00 -64.00 -66.00
-49.00 -111.00 -65.00 | -41.00 -63.00 -65.00
-51.00 -111.00 -64.00 | -42.00 -62.00 -64.00
-52.00 -111.00 -64.00 | -43.00 -63.00 -63.00
-53.00 -112.00 -62.00 | -45.00 -62.00 -60.00
-55.00 -112.00 -60.00 | -46.00 -62.00 -60.00
-56.00 -111.00 -60.00 | -48.00 -62.00 -57.00
-58.00 -111.00 -58.00 | -50.00 -62.00 -55.00
-60.00 -111.00 -55.00 | -52.00 -63.00 -55.00
-62.00 -110.00 -54.00 | -55.00 -61.00 -52.00
-66.00 -109.00 -51.00 | -56.00 -61.00 -49.00
-68.00 -108.00 -50.00 | -60.00 -60.00 -46.00
-67.00 -108.00 -48.00 | -61.00 -59.00 -44.00
-69.00 -109.00 -46.00 | -61.00 -61.00 -41.00
-70.00 -108.00 -43.00 | -64.00 -60.00 -37.00
-74.00 -109.00 -38.00 | -65.00 -60.00 -34.00
-73.00 -108.00 -36.00 | -65.00 -60.00 -30.00
-74.00 -108.00 -33.00 | -66.00 -60.00 -26.00
-75.00 -108.00 -29.00 | -66.00 -60.00 -24.00
-76.00 -108.00 -27.00 | -66.00 -59.00 -19.00
-77.00 -107.00 -23.00 | -67.00 -59.00 -15.00
-76.00 -107.00 -20.00 | -66.00 -59.00 -10.00
-77.00 -107.00 -15.00 | -67.00 -59.00 -7.00
-76.00 -107.00 -13.00 | -65.00 -59.00 -3.00
-75.00 -108.00 -8.00 | -63.00 -59.00 2.00
-76.00 -105.00 -3.00 | -64.00 -57.00 6.00
-76.00 -106.00 -2.00 | -62.00 -58.00 10.00
-73.00 -107.00 3.00 | -60.00 -58.00 14.00
-73.00 -106.00 5.00 | -58.00 -58.00 16.00
-71.00 -106.00 8.00 | -56.00 -58.00 19.00
-70.00 -106.00 11.00 | -54.00 -59.00 21.00
-66.00 -108.00 12.00 | -52.00 -59.00 23.00
-65.00 -108.00 15.00 | -48.00 -60.00 24.00
-61.00 -109.00 17.00 | -44.00 -61.00 27.00
-57.00 -110.00 19.00 | -39.00 -62.00 29.00
-55.00 -111.00 21.00 | -36.00 -62.00 30.00
-52.00 -111.00 22.00 | -33.00 -62.00 31.00
-49.00 -111.00 23.00 | -30.00 -63.00 31.00
-47.00 -113.00 24.00 | -28.00 -64.00 31.00
-43.00 -113.00 24.00 | -24.00 -64.00 32.00
-40.00 -113.00 27.00 | -20.00 -64.00 34.00
-37.00 -113.00 28.00 | -17.00 -65.00 35.00
-35.00 -114.00 29.00 | -15.00 -64.00 36.00
-33.00 -113.00 32.00 | -13.00 -64.00 37.00
-32.00 -114.00 32.00 | -11.00 -63.00 38.00
-27.00 -113.00 33.00 | -7.00 -64.00 39.00
-22.00 -113.00 35.00 | -2.00 -65.00 39.00
-19.00 -113.00 36.00 | 3.00 -64.00 38.00
-14.00 -114.00 35.00 | 7.00 -64.00 38.00
-10.00 -114.00 33.00 | 10.00 -65.00 36.00
-8.00 -114.00 32.00 | 13.00 -66.00 33.00
-6.00 -116.00 31.00 | 13.00 -66.00 32.00
-3.00 -116.00 30.00 | 17.00 -67.00 30.00
0.00 -116.00 29.00 | 19.00 -66.00 28.00
2.00 -117.00 27.00 | 20.00 -67.00 27.00
2.00 -117.00 25.00 | 20.00 -68.00 24.00
3.00 -117.00 24.00 | 22.00 -69.00 22.00
6.00 -118.00 21.00 | 26.00 -69.00 19.00
9.00 -119.00 18.00 | 26.00 -70.00 16.00
12.00 -119.00 16.00 | 28.00 -70.00 13.00
14.00 -120.00 14.00 | 31.00 -70.00 11.00
16.00 -119.00 14.00 | 31.00 -69.00 11.00
18.00 -120.00 12.00 | 34.00 -69.00 9.00
19.00 -119.00 10.00 | 35.00 -70.00 6.00
19.00 -121.00 7.00 | 35.00 -69.00 5.00
20.00 -121.00 7.00 | 36.00 -70.00 3.00
22.00 -120.00 5.00 | 37.00 -70.00 2.00
23.00 -120.00 4.00 | 37.00 -70.00 0.00
24.00 -120.00 3.00 | 38.00 -69.00 -1.00
25.00 -120.00 2.00 | 38.00 -69.00 -1.00

