119.00 -47.00 -101.00
119.00 -45.00 -101.00
120.00 -44.00 -100.00
119.00 -44.00 -100.00
120.00 -45.00 -101.00
119.00 -45.00 -100.00
120.00 -45.00 -101.00
120.00 -45.00 -100.00
120.00 -45.00 -100.00
119.00 -44.00 -100.00
118.00 -45.00 -101.00
118.00 -45.00 -101.00
119.00 -44.00 -99.00
118.00 -45.00 -100.00
117.00 -46.00 -101.00
117.00 -44.00 -101.00
116.00 -45.00 -101.00
115.00 -46.00 -101.00
117.00 -45.00 -101.00
116.00 -44.00 -101.00
116.00 -43.00 -100.00
116.00 -41.00 -100.00
115.00 -41.00 -99.00
115.00 -40.00 -100.00
114.00 -40.00 -100.00
113.00 -40.00 -101.00
113.00 -40.00 -101.00
111.00 -40.00 -101.00
111.00 -40.00 -101.00
110.00 -39.00 -101.00
110.00 -39.00 -100.00
110.00 -39.00 -99.00
109.00 -39.00 -99.00
108.00 -39.00 -99.00
109.00 -39.00 -100.00
107.00 -38.00 -99.00
107.00 -39.00 -100.00
106.00 -38.00 -101.00
105.00 -40.00 -99.00
103.00 -41.00 -99.00
102.00 -43.00 -100.00
102.00 -43.00 -100.00
99.00 -44.00 -100.00
98.00 -44.00 -98.00
97.00 -43.00 -100.00
96.00 -44.00 -99.00
93.00 -43.00 -100.00
92.00 -43.00 -100.00
91.00 -46.00 -98.00
91.00 -43.00 -99.00
91.00 -44.00 -99.00
89.00 -43.00 -99.00
88.00 -45.00 -99.00
87.00 -42.00 -99.00
84.00 -42.00 -100.00
83.00 -39.00 -101.00
79.00 -39.00 -102.00
79.00 -38.00 -102.00
75.00 -37.00 -101.00
75.00 -37.00 -101.00
73.00 -34.00 -100.00
70.00 -34.00 -100.00
71.00 -33.00 -100.00
68.00 -32.00 -100.00
68.00 -33.00 -100.00
66.00 -33.00 -100.00
65.00 -32.00 -99.00
61.00 -29.00 -99.00
59.00 -30.00 -97.00
56.00 -29.00 -97.00
52.00 -30.00 -95.00
50.00 -29.00 -96.00
47.00 -28.00 -96.00
44.00 -26.00 -97.00
42.00 -25.00 -97.00
41.00 -23.00 -99.00
40.00 -23.00 -100.00
38.00 -19.00 -104.00
37.00 -16.00 -108.00
36.00 -14.00 -111.00
34.00 -12.00 -117.00
34.00 -11.00 -119.00
33.00 -5.00 -121.00
33.00 -5.00 -122.00
34.00 -5.00 -123.00
34.00 -14.00 -123.00
34.00 -16.00 -120.00
36.00 -19.00 -113.00
36.00 -19.00 -110.00
38.00 -21.00 -104.00
40.00 -23.00 -100.00
43.00 -27.00 -97.00
45.00 -29.00 -96.00
47.00 -30.00 -95.00
50.00 -31.00 -94.00
53.00 -32.00 -94.00
58.00 -32.00 -94.00
60.00 -33.00 -94.00
65.00 -32.00 -96.00
71.00 -31.00 -96.00