81.00 67.00 4.00
82.00 65.00 6.00
83.00 64.00 6.00
81.00 64.00 9.00
78.00 67.00 11.00
77.00 67.00 10.00
76.00 66.00 11.00
76.00 68.00 11.00
75.00 67.00 14.00
76.00 66.00 14.00
78.00 63.00 13.00
79.00 62.00 12.00
77.00 64.00 13.00
75.00 65.00 11.00
75.00 65.00 12.00
73.00 67.00 14.00
73.00 68.00 12.00
71.00 68.00 12.00
71.00 69.00 10.00
70.00 70.00 10.00
72.00 70.00 7.00
72.00 69.00 7.00
70.00 70.00 8.00
70.00 71.00 8.00
70.00 71.00 7.00
71.00 69.00 10.00
71.00 69.00 10.00
71.00 70.00 10.00
71.00 69.00 9.00
73.00 70.00 7.00
72.00 71.00 7.00
73.00 71.00 6.00
74.00 70.00 6.00
73.00 71.00 8.00
74.00 71.00 6.00
73.00 72.00 6.00
75.00 70.00 6.00
74.00 71.00 9.00
73.00 72.00 9.00
75.00 71.00 8.00
76.00 69.00 10.00
76.00 68.00 11.00
77.00 68.00 12.00
78.00 67.00 9.00
78.00 68.00 8.00
77.00 69.00 7.00
79.00 70.00 5.00
79.00 70.00 3.00
77.00 72.00 5.00
77.00 72.00 4.00
75.00 75.00 3.00
76.00 75.00 2.00
76.00 74.00 2.00
75.00 75.00 3.00
75.00 75.00 4.00
74.00 76.00 8.00
75.00 74.00 10.00
76.00 75.00 11.00
77.00 74.00 9.00
76.00 75.00 10.00
77.00 76.00 9.00
77.00 76.00 8.00
79.00 76.00 5.00
81.00 77.00 3.00
79.00 79.00 4.00
79.00 78.00 4.00
79.00 79.00 5.00
80.00 79.00 4.00
80.00 78.00 5.00
81.00 78.00 5.00
79.00 79.00 8.00
79.00 77.00 7.00
77.00 77.00 12.00
77.00 76.00 13.00
77.00 76.00 11.00
79.00 75.00 10.00
77.00 75.00 9.00
78.00 74.00 9.00
77.00 74.00 10.00
78.00 73.00 10.00
79.00 71.00 6.00
78.00 72.00 7.00
77.00 72.00 6.00
76.00 73.00 6.00
75.00 72.00 5.00
75.00 72.00 6.00
75.00 71.00 7.00
74.00 72.00 8.00
73.00 70.00 10.00
74.00 68.00 11.00
72.00 69.00 14.00
72.00 66.00 16.00
73.00 64.00 18.00
72.00 64.00 20.00
73.00 64.00 19.00
73.00 64.00 17.00
73.00 64.00 16.00
73.00 65.00 15.00
73.00 66.00 16.00
72.00 65.00 16.00