74.00 32.00 8.00
74.00 32.00 9.00
73.00 33.00 9.00
73.00 32.00 9.00
74.00 31.00 11.00
75.00 29.00 11.00
77.00 28.00 10.00
77.00 27.00 11.00
76.00 29.00 11.00
77.00 30.00 11.00
76.00 30.00 11.00
75.00 31.00 9.00
74.00 31.00 10.00
74.00 32.00 8.00
75.00 35.00 6.00
74.00 35.00 6.00
73.00 37.00 4.00
73.00 37.00 3.00
73.00 39.00 2.00
71.00 40.00 2.00
70.00 41.00 2.00
69.00 41.00 2.00
68.00 40.00 4.00
65.00 41.00 8.00
64.00 41.00 9.00
60.00 42.00 10.00
59.00 43.00 11.00
56.00 44.00 13.00
56.00 45.00 14.00
51.00 47.00 19.00
49.00 48.00 20.00
48.00 47.00 21.00
47.00 47.00 23.00
46.00 49.00 24.00
47.00 49.00 24.00
46.00 47.00 28.00
46.00 49.00 28.00
47.00 50.00 29.00
48.00 52.00 28.00
49.00 54.00 28.00
50.00 55.00 26.00
51.00 58.00 25.00
53.00 59.00 22.00
53.00 60.00 21.00
54.00 60.00 19.00
55.00 61.00 18.00
56.00 59.00 17.00
56.00 57.00 20.00
56.00 59.00 20.00
56.00 59.00 19.00
55.00 60.00 18.00
55.00 62.00 16.00
57.00 61.00 14.00
57.00 61.00 14.00
58.00 64.00 10.00
58.00 64.00 10.00
61.00 62.00 9.00
64.00 61.00 9.00
73.00 56.00 11.00
73.00 55.00 14.00
75.00 54.00 17.00
75.00 57.00 18.00
77.00 56.00 19.00
80.00 56.00 19.00
84.00 54.00 20.00
86.00 55.00 21.00
88.00 54.00 19.00
90.00 53.00 19.00
91.00 54.00 19.00
93.00 53.00 18.00
95.00 52.00 19.00
96.00 49.00 26.00
97.00 48.00 24.00
98.00 49.00 23.00
97.00 51.00 23.00
98.00 51.00 22.00
101.00 50.00 23.00
101.00 49.00 24.00
104.00 47.00 21.00
107.00 43.00 20.00
108.00 43.00 19.00
110.00 41.00 20.00
111.00 39.00 23.00
110.00 39.00 27.00
110.00 39.00 26.00
110.00 40.00 26.00
110.00 40.00 27.00
110.00 39.00 25.00
109.00 40.00 27.00
109.00 41.00 23.00
109.00 40.00 23.00
108.00 38.00 22.00
106.00 37.00 20.00
104.00 36.00 20.00
100.00 37.00 22.00
100.00 36.00 21.00
97.00 36.00 20.00
95.00 38.00 20.00
89.00 40.00 19.00
85.00 40.00 21.00