68.00 37.00 7.00
68.00 39.00 7.00
67.00 39.00 7.00
66.00 38.00 7.00
65.00 37.00 7.00
63.00 39.00 7.00
59.00 41.00 6.00
57.00 41.00 6.00
56.00 38.00 6.00
53.00 38.00 8.00
49.00 39.00 7.00
48.00 38.00 6.00
45.00 40.00 5.00
40.00 42.00 5.00
38.00 42.00 3.00
33.00 42.00 1.00
31.00 45.00 1.00
26.00 46.00 -1.00
24.00 47.00 -2.00
19.00 51.00 -2.00
14.00 54.00 -1.00
13.00 55.00 -1.00
11.00 59.00 -1.00
9.00 60.00 -2.00
6.00 65.00 -3.00
6.00 66.00 -4.00
2.00 74.00 -6.00
0.00 80.00 -12.00
-3.00 83.00 -16.00
-7.00 88.00 -23.00
-9.00 90.00 -28.00
-15.00 95.00 -35.00
-21.00 98.00 -46.00
-22.00 99.00 -52.00
-25.00 96.00 -65.00
-25.00 95.00 -70.00
-23.00 86.00 -84.00
-21.00 79.00 -91.00
-16.00 60.00 -105.00
-1.00 37.00 -108.00
3.00 28.00 -105.00
14.00 13.00 -94.00
18.00 8.00 -90.00
27.00 5.00 -76.00
31.00 5.00 -68.00
37.00 9.00 -51.00
41.00 15.00 -38.00
42.00 16.00 -32.00
45.00 20.00 -23.00
45.00 23.00 -18.00
46.00 29.00 -12.00
47.00 31.00 -9.00
49.00 34.00 -1.00
49.00 37.00 1.00
49.00 39.00 3.00
49.00 44.00 6.00
50.00 45.00 7.00
53.00 45.00 10.00
55.00 44.00 15.00
54.00 44.00 17.00
58.00 46.00 18.00
59.00 48.00 19.00
63.00 48.00 19.00
65.00 50.00 19.00
68.00 50.00 18.00
73.00 50.00 20.00
75.00 51.00 20.00
75.00 51.00 22.00
78.00 51.00 23.00
80.00 51.00 25.00
82.00 51.00 23.00
83.00 53.00 24.00
80.00 57.00 25.00
80.00 58.00 25.00
81.00 59.00 23.00
81.00 61.00 19.00
81.00 60.00 19.00
79.00 62.00 20.00
77.00 61.00 22.00
77.00 58.00 25.00
77.00 56.00 28.00
76.00 49.00 31.00
76.00 47.00 30.00
72.00 47.00 32.00
71.00 47.00 31.00
70.00 44.00 31.00
71.00 42.00 28.00
69.00 41.00 26.00
65.00 42.00 28.00
65.00 39.00 30.00
66.00 40.00 29.00
65.00 37.00 29.00
66.00 37.00 31.00
66.00 39.00 30.00
66.00 42.00 29.00
69.00 45.00 27.00
70.00 46.00 26.00
73.00 48.00 24.00
74.00 50.00 22.00
74.00 51.00 22.00


71.00 93.00 -8.00
71.00 93.00 -8.00
70.00 93.00 -6.00
71.00 93.00 -6.00
72.00 92.00 -6.00
73.00 93.00 -7.00
72.00 93.00 -7.00
72.00 93.00 -6.00
71.00 94.00 -6.00
73.00 93.00 -7.00
73.00 93.00 -10.00
73.00 93.00 -11.00
74.00 92.00 -12.00
74.00 93.00 -12.00
73.00 93.00 -10.00
73.00 92.00 -9.00
73.00 93.00 -7.00
74.00 91.00 -4.00
73.00 91.00 -3.00
73.00 91.00 -2.00
74.00 90.00 -3.00
75.00 90.00 -7.00
77.00 89.00 -7.00
76.00 89.00 -8.00
76.00 88.00 -7.00
75.00 88.00 -5.00
76.00 87.00 -4.00
76.00 86.00 -3.00
75.00 85.00 -2.00
76.00 87.00 -2.00
75.00 87.00 -2.00
72.00 88.00 -4.00
72.00 87.00 -7.00
72.00 89.00 -9.00
71.00 89.00 -9.00
70.00 90.00 -8.00
72.00 87.00 -6.00
71.00 87.00 -4.00
72.00 85.00 -2.00
72.00 84.00 -1.00
72.00 84.00 -3.00
73.00 85.00 -5.00
74.00 83.00 -5.00
73.00 83.00 -5.00
74.00 84.00 -4.00
73.00 81.00 1.00
74.00 80.00 3.00
73.00 80.00 4.00
73.00 79.00 3.00
73.00 80.00 3.00
71.00 81.00 -2.00
72.00 80.00 -4.00
71.00 81.00 -5.00
72.00 80.00 -2.00
71.00 79.00 -2.00
70.00 79.00 2.00
71.00 79.00 3.00
71.00 78.00 5.00
70.00 78.00 6.00
70.00 78.00 5.00
72.00 76.00 4.00
72.00 74.00 6.00
71.00 74.00 7.00
71.00 73.00 10.00
72.00 72.00 11.00
71.00 71.00 12.00
71.00 71.00 13.00
70.00 71.00 14.00
70.00 71.00 12.00
70.00 71.00 12.00
70.00 72.00 10.00
71.00 72.00 8.00
71.00 70.00 11.00
71.00 69.00 11.00
71.00 67.00 14.00
70.00 67.00 17.00
71.00 66.00 16.00
71.00 65.00 16.00
71.00 64.00 14.00
72.00 62.00 13.00
71.00 60.00 12.00
73.00 58.00 14.00
74.00 56.00 15.00
74.00 55.00 17.00
74.00 53.00 18.00
74.00 54.00 18.00
75.00 56.00 19.00
75.00 58.00 17.00
76.00 59.00 16.00
77.00 59.00 14.00
77.00 59.00 15.00
78.00 60.00 15.00
78.00 60.00 17.00
77.00 61.00 16.00
79.00 61.00 17.00
79.00 60.00 17.00
79.00 62.00 15.00
83.00 59.00 12.00
83.00 58.00 14.00
84.00 60.00 14.00


82.00 64.00 14.00
81.00 67.00 13.00
78.00 68.00 15.00
78.00 68.00 15.00
75.00 74.00 12.00
73.00 76.00 8.00
74.00 78.00 2.00
75.00 75.00 2.00
79.00 71.00 8.00
75.00 74.00 7.00
72.00 78.00 8.00
68.00 80.00 7.00
69.00 81.00 2.00
71.00 80.00 -7.00
72.00 81.00 -8.00
65.00 88.00 -8.00
62.00 91.00 -12.00
58.00 93.00 -13.00
59.00 92.00 -18.00
60.00 91.00 -19.00
59.00 93.00 -19.00
57.00 94.00 -16.00
56.00 94.00 -11.00
56.00 94.00 -11.00
59.00 92.00 -12.00
59.00 91.00 -17.00
57.00 93.00 -17.00
54.00 96.00 -18.00
53.00 95.00 -18.00
56.00 93.00 -25.00
62.00 88.00 -26.00
59.00 86.00 -20.00
58.00 86.00 -17.00
55.00 87.00 -15.00
54.00 88.00 -17.00
54.00 85.00 -18.00
54.00 83.00 -17.00
53.00 80.00 -11.00
47.00 79.00 -14.00
45.00 80.00 -17.00
42.00 79.00 -18.00
43.00 78.00 -17.00
43.00 73.00 -13.00
41.00 73.00 -10.00
38.00 75.00 -7.00
38.00 76.00 -7.00
38.00 77.00 -8.00
42.00 74.00 -6.00
43.00 73.00 -3.00
43.00 75.00 -2.00
41.00 75.00 -3.00
38.00 79.00 -2.00
38.00 78.00 -1.00
40.00 78.00 0.00
39.00 79.00 -2.00
37.00 81.00 -1.00
35.00 83.00 -3.00
35.00 82.00 0.00
39.00 79.00 -1.00
41.00 78.00 1.00
40.00 77.00 3.00
38.00 79.00 3.00
35.00 81.00 6.00
35.00 81.00 6.00
38.00 78.00 7.00
42.00 77.00 8.00
38.00 78.00 11.00
31.00 80.00 14.00
31.00 81.00 15.00
31.00 81.00 10.00
34.00 81.00 7.00
30.00 83.00 9.00
25.00 87.00 6.00
22.00 87.00 5.00
23.00 87.00 1.00
23.00 85.00 5.00
28.00 83.00 2.00
26.00 82.00 6.00
22.00 83.00 7.00
22.00 82.00 7.00
24.00 80.00 8.00
31.00 74.00 8.00
32.00 73.00 11.00
28.00 72.00 10.00
25.00 73.00 8.00
19.00 75.00 8.00
18.00 71.00 9.00
23.00 67.00 9.00
24.00 66.00 10.00
18.00 64.00 14.00
17.00 63.00 15.00
19.00 62.00 14.00
21.00 61.00 15.00
24.00 58.00 15.00
22.00 57.00 17.00
21.00 59.00 17.00
15.00 62.00 19.00
16.00 62.00 19.00
18.00 59.00 21.00
23.00 59.00 20.00


60.00 49.00 21.00
59.00 49.00 22.00
58.00 49.00 24.00
58.00 48.00 24.00
61.00 45.00 25.00
61.00 43.00 28.00
63.00 44.00 27.00
64.00 43.00 28.00
66.00 40.00 26.00
70.00 40.00 24.00
70.00 41.00 23.00
71.00 44.00 22.00
71.00 43.00 25.00
75.00 40.00 26.00
75.00 41.00 27.00
76.00 43.00 26.00
78.00 47.00 24.00
78.00 48.00 24.00
79.00 49.00 25.00
81.00 48.00 25.00
87.00 46.00 26.00
88.00 41.00 29.00
90.00 41.00 31.00
91.00 39.00 33.00
91.00 39.00 36.00
91.00 41.00 37.00
92.00 42.00 38.00
96.00 39.00 38.00
98.00 39.00 36.00
99.00 42.00 34.00
99.00 43.00 33.00
99.00 47.00 32.00
99.00 47.00 33.00
98.00 47.00 36.00
99.00 43.00 39.00
100.00 43.00 36.00
101.00 45.00 34.00
100.00 45.00 34.00
98.00 49.00 33.00
97.00 51.00 31.00
97.00 48.00 33.00
98.00 46.00 30.00
95.00 54.00 20.00
94.00 57.00 13.00
93.00 60.00 11.00
89.00 61.00 15.00
88.00 60.00 22.00
82.00 52.00 39.00
81.00 56.00 36.00
81.00 58.00 31.00
78.00 60.00 29.00
77.00 62.00 27.00
75.00 62.00 28.00
75.00 59.00 28.00
71.00 64.00 24.00
69.00 66.00 22.00
68.00 67.00 17.00
62.00 69.00 18.00
60.00 66.00 20.00
58.00 66.00 19.00
52.00 69.00 18.00
53.00 67.00 16.00
50.00 68.00 15.00
47.00 69.00 14.00
45.00 69.00 13.00
46.00 68.00 11.00
42.00 71.00 9.00
40.00 74.00 4.00
39.00 75.00 2.00
34.00 75.00 4.00
33.00 75.00 6.00
33.00 72.00 12.00
29.00 73.00 13.00
31.00 73.00 12.00
31.00 71.00 13.00
31.00 71.00 15.00
30.00 69.00 17.00
32.00 66.00 20.00
30.00 66.00 19.00
29.00 66.00 18.00
28.00 65.00 18.00
27.00 62.00 22.00
27.00 60.00 23.00
29.00 54.00 27.00
29.00 53.00 27.00
34.00 49.00 27.00
36.00 49.00 24.00
37.00 48.00 24.00
40.00 46.00 24.00
43.00 46.00 22.00
44.00 48.00 22.00
47.00 50.00 17.00
49.00 52.00 15.00
49.00 50.00 16.00
55.00 45.00 19.00
57.00 44.00 20.00
61.00 44.00 17.00
63.00 41.00 16.00
64.00 41.00 15.00
64.00 42.00 15.00


