47.00 56.00 16.00
47.00 56.00 18.00
46.00 56.00 17.00
45.00 55.00 18.00
46.00 54.00 16.00
45.00 54.00 17.00
45.00 52.00 16.00
45.00 53.00 16.00
44.00 50.00 18.00
44.00 49.00 19.00
45.00 48.00 19.00
45.00 47.00 19.00
44.00 47.00 17.00
45.00 46.00 16.00
45.00 46.00 15.00
44.00 48.00 14.00
44.00 50.00 13.00
42.00 51.00 13.00
42.00 51.00 12.00
44.00 49.00 13.00
44.00 49.00 13.00
44.00 48.00 14.00
44.00 49.00 16.00
40.00 52.00 13.00
39.00 54.00 12.00
37.00 55.00 12.00
39.00 55.00 11.00
38.00 57.00 9.00
36.00 57.00 10.00
35.00 58.00 12.00
35.00 58.00 13.00
35.00 58.00 16.00
35.00 59.00 16.00
34.00 59.00 16.00
33.00 60.00 16.00
36.00 59.00 18.00
34.00 60.00 17.00
35.00 60.00 16.00
33.00 60.00 17.00
32.00 59.00 18.00
34.00 55.00 19.00
33.00 54.00 20.00
31.00 53.00 23.00
32.00 51.00 21.00
30.00 52.00 20.00
30.00 54.00 18.00
34.00 52.00 17.00
31.00 56.00 16.00
31.00 58.00 14.00
31.00 60.00 12.00
35.00 61.00 9.00
39.00 60.00 9.00
39.00 61.00 10.00
40.00 62.00 11.00
41.00 64.00 12.00
42.00 64.00 12.00
44.00 65.00 11.00
41.00 70.00 8.00
42.00 71.00 6.00
41.00 74.00 4.00
41.00 74.00 6.00
44.00 73.00 5.00
46.00 72.00 8.00
47.00 71.00 9.00
48.00 69.00 12.00
48.00 69.00 12.00
46.00 72.00 12.00
46.00 72.00 10.00
48.00 73.00 7.00
48.00 74.00 3.00
46.00 75.00 3.00
46.00 76.00 2.00
48.00 74.00 4.00
45.00 76.00 6.00
44.00 76.00 7.00
44.00 76.00 6.00
43.00 78.00 3.00
45.00 77.00 1.00
41.00 81.00 -4.00
44.00 80.00 -9.00
43.00 81.00 -12.00
43.00 80.00 -14.00
46.00 77.00 -11.00
46.00 75.00 -8.00
49.00 73.00 -9.00
51.00 71.00 -6.00
51.00 71.00 -6.00
49.00 74.00 -8.00
51.00 74.00 -12.00
54.00 74.00 -17.00
55.00 74.00 -18.00
56.00 75.00 -18.00
58.00 76.00 -18.00
62.00 76.00 -13.00
63.00 77.00 -12.00
65.00 77.00 -11.00
67.00 80.00 -9.00
66.00 84.00 -10.00
68.00 84.00 -16.00
65.00 87.00 -11.00