22.00 -57.00 -87.00
121.00 -57.00 -88.00
121.00 -58.00 -88.00
121.00 -58.00 -89.00
121.00 -58.00 -89.00
120.00 -59.00 -90.00
119.00 -57.00 -89.00
119.00 -58.00 -90.00
120.00 -58.00 -90.00
119.00 -58.00 -90.00
120.00 -57.00 -91.00
121.00 -56.00 -91.00
120.00 -57.00 -91.00
120.00 -56.00 -91.00
119.00 -56.00 -91.00
121.00 -55.00 -91.00
120.00 -55.00 -91.00
119.00 -56.00 -91.00
119.00 -56.00 -91.00
119.00 -55.00 -92.00
119.00 -56.00 -91.00
119.00 -56.00 -90.00
120.00 -55.00 -89.00
119.00 -56.00 -87.00
118.00 -57.00 -86.00
117.00 -57.00 -85.00
114.00 -58.00 -84.00
113.00 -58.00 -83.00
113.00 -58.00 -81.00
111.00 -56.00 -82.00
111.00 -57.00 -81.00
110.00 -56.00 -81.00
110.00 -55.00 -82.00
107.00 -53.00 -85.00
107.00 -51.00 -86.00
104.00 -50.00 -86.00
102.00 -50.00 -89.00
101.00 -50.00 -90.00
98.00 -49.00 -91.00
97.00 -49.00 -90.00
95.00 -49.00 -92.00
92.00 -49.00 -93.00
92.00 -48.00 -93.00
90.00 -49.00 -93.00
89.00 -49.00 -94.00
88.00 -50.00 -92.00
87.00 -51.00 -92.00
83.00 -52.00 -91.00
81.00 -53.00 -91.00
79.00 -54.00 -91.00
76.00 -55.00 -91.00
73.00 -56.00 -91.00
72.00 -55.00 -90.00
69.00 -55.00 -89.00
68.00 -56.00 -89.00
66.00 -56.00 -89.00
64.00 -55.00 -88.00
62.00 -55.00 -88.00
59.00 -55.00 -89.00
56.00 -54.00 -88.00
52.00 -53.00 -88.00
49.00 -52.00 -89.00
45.00 -51.00 -87.00
42.00 -52.00 -87.00
38.00 -50.00 -85.00
35.00 -49.00 -82.00
34.00 -48.00 -81.00
32.00 -47.00 -77.00
30.00 -48.00 -77.00
28.00 -47.00 -76.00
26.00 -47.00 -77.00
24.00 -45.00 -76.00
20.00 -46.00 -75.00
17.00 -45.00 -76.00
12.00 -44.00 -76.00
9.00 -46.00 -76.00
7.00 -47.00 -77.00
3.00 -49.00 -80.00
2.00 -51.00 -83.00
0.00 -54.00 -91.00
-2.00 -55.00 -98.00
-5.00 -64.00 -112.00
-6.00 -78.00 -130.00
-6.00 -86.00 -143.00
-7.00 -101.00 -178.00
-6.00 -107.00 -196.00
-7.00 -134.00 -221.00
-7.00 -141.00 -229.00
-4.00 -120.00 -265.00
-2.00 -86.00 -244.00
-1.00 -65.00 -223.00
0.00 -51.00 -171.00
-2.00 -50.00 -146.00
1.00 -50.00 -114.00
1.00 -51.00 -104.00
4.00 -51.00 -88.00
8.00 -49.00 -80.00
10.00 -47.00 -78.00
16.00 -43.00 -77.00
18.00 -42.00 -79.00